NAME : AfricaSul11n
TYPE : CaRS
COMMENT : Instances for the CaRS Problem (Asconavieta & Goldbarg)
DIMENSION : 11
CARS_NUMBER : 3
EDGE_WEIGHT_TYPE : EXPLICIT
EDGE_WEIGHT_FORMAT : FULL_MATRIX
EDGE_WEIGHT_SECTION
0
   0 146 144 169 144 142 416 176 374 340 159
 146   0  46  38  46  55 301  56 246 253  62
 144  46   0  40  45  51 297  59 247 251  61
 169  38  40   0  45  49 297  54 241 251  58
 144  46  45  45   0  51 298  56 244 250  60
 142  55  51  49  51   0 299  62 251 257  65
 416 301 297 297 298 299   0 159 346 371 180
 176  56  59  54  56  62 159   0 249 253  68
 374 246 247 241 244 251 346 249   0 346 141
 340 253 251 251 250 257 371 253 346   0 159
 159  62  61  58  60  65 180  68 141 159   0
1
   0  58  51 299  56  54  46  52  44 295  52
  58   0  56 303  57  60  52  62  52 297  52
  51  56   0 297  55  58  48  55  45 295  52
 299 303 297   0 137 146 140 156 165 405 142
  56  57  55 137   0  60  50  58  47 296  54
  54  60  58 146  60   0  50  56  49 297  54
  46  52  48 140  50  50   0  58  45 296  49
  52  62  55 156  58  56  58   0  48 301  55
  44  52  45 165  47  49  45  48   0 297  49
 295 297 295 405 296 297 296 301 297   0 169
  52  52  52 142  54  54  49  55  49 169   0
2
   0  66 288 264 347  61 316  58  60  42 316
  66   0 291 269 350  66 324  63  66  51 323
 288 291   0 343 442 166 413 145 148 140 431
 264 269 343   0 425 132 396 154 165 140 396
 347 350 442 425   0 203 448 200 181 164 437
  61  66 166 132 203   0 326  64  70  50 320
 316 324 413 396 448 326   0 166 169 133 446
  58  63 145 154 200  64 166   0  63  50 323
  60  66 148 165 181  70 169  63   0  47 320
  42  51 140 140 164  50 133  50  47   0 316
 316 323 431 396 437 320 446 323 320 316   0
RETURN_RATE_SECTION
0
   0 102 102  57 107  87  92  72  89  59  89
  71   0 109  79 112  89 122  91  95  67 100
  82 114   0  70 135 109 131  88 115  83 119
  60  89 109   0 103  83 103  70  88  45  84
  79 119 119  91   0  97 121  84 122  68 107
  85 113 110  83 107   0 113  85  94  54  85
  78 112 109  92 107  86   0  81 107  67 100
  75  93 107  62 104  83  93   0  92  54  83
  82 102 124  82 120  90 115  75   0  59  99
  58  87 104  57  96  81  92  56  82   0  80
  82  98 107  63 111 103  98  67 105  69   0
1
   0  52 101  72  47  59  47  63  56  88  71
  44   0 112  69  54  64  59  72  54 104  70
  69  81   0 110  82  86  64  79  89 126  98
  48  63 112   0  65  60  66  74  62  96  88
  49  55  96  65   0  55  55  65  62  99  68
  53  60 100  75  54   0  59  65  54  91  68
  49  58 104  76  50  64   0  63  63  98  70
  64  74 112  81  54  59  58   0  59 100  77
  44  57 100  78  47  56  58  75   0  89  70
  63  82 124  84  82  85  71  81  74   0  89
  49  67 107  75  65  78  61  78  64  99   0
2
   0  59  77 104 101  79  45  99  50  68  82
  56   0  75  96 108  81  47 109  64  65  81
  60  64   0 106 117  76  44 115  61  70  91
  84  73  90   0 128 107  76 129  86  81 122
  87  68 100 127   0 105  60 138  79  95 120
  61  70  78 102 109   0  52 106  57  83 104
  53  52  66  99 101  67   0  98  49  59  77
  75  73  90 131 117 104  65   0  86 103 103
  50  60  68 101 104  77  40 107   0  63  83
  55  56  78 100 108  77  43 100  67   0  94
  62  76  75 107 117  82  72 118  71  75   0
BONUS_SATISFACTION_SECTION 
  28  28  35  90  57  33   7  35  78  94  78
EOF