NAME : Arabia14n
TYPE : CaRS
COMMENT : Instances for the CaRS Problem (Asconavieta & Goldbarg)
DIMENSION : 14
CARS_NUMBER : 5
EDGE_WEIGHT_TYPE : EXPLICIT
EDGE_WEIGHT_FORMAT : FULL_MATRIX
EDGE_WEIGHT_SECTION
0
   0 431 123 367 157 108 391 328 141 146 335 387 399 349
 431   0 151 420 210 185 400 372 164 163 352 438 468 395
 123 151   0 276  63  39 298 259  42  61 252 302 325 248
 367 420 276   0 168 125 402 372 144 174 345 380 426 344
 157 210  63 168   0  48 306 272  48  69 265 317 333 258
 108 185  39 125  48   0 301 259  42  63 252 302 324 251
 391 400 298 402 306 301   0 383 135 147 374 407 436 344
 328 372 259 372 272 259 383   0 129 134 356 392 428 346
 141 164  42 144  48  42 135 129   0  63 252 306 325 248
 146 163  61 174  69  63 147 134  63   0 263 311 335 255
 335 352 252 345 265 252 374 356 252 263   0 396 392 334
 387 438 302 380 317 302 407 392 306 311 396   0 429 345
 399 468 325 426 333 324 436 428 325 335 392 429   0 373
 349 395 248 344 258 251 344 346 248 255 334 345 373   0
1
   0 378 384 389 404 124 129 312 125 427 404 150 439 136
 378   0 391 403 455 141 119 364 159 446 436 151 467 164
 384 391   0 424 458 162 150 347 162 439 420 144 470 157
 389 403 424   0 457 162 169 345 171 427 437 142 439 166
 404 455 458 457   0 136 176 351 188 464 442 168 487 173
 124 141 162 162 136   0  37 245  49 335 337  50 348  45
 129 119 150 169 176  37   0 243  48 332 335  50 344  43
 312 364 347 345 351 245 243   0 122 417 401 139 421 110
 125 159 162 171 188  49  48 122   0 336 341  52 348  50
 427 446 439 427 464 335 332 417 336   0 432 179 454 184
 404 436 420 437 442 337 335 401 341 432   0 190 476 173
 150 151 144 142 168  50  50 139  52 179 190   0 349  47
 439 467 470 439 487 348 344 421 348 454 476 349   0 189
 136 164 157 166 173  45  43 110  50 184 173  47 189   0
2
   0 306 337  67 252 345 358 357 315 283 334  54  51 246
 306   0 453 186 349 462 457 454 401 365 450 175 132 345
 337 453   0 157 361 475 469 466 433 416 452 157 173 335
  67 186 157   0 251 350 359 356 317 290 335  64  59 246
 252 349 361 251   0 436 435 448 404 362 416 118 145 323
 345 462 475 350 436   0 451 491 437 421 434 193 145 382
 358 457 469 359 435 451   0 464 443 393 463 200 195 354
 357 454 466 356 448 491 464   0 453 415 439 198 182 353
 315 401 433 317 404 437 443 453   0 376 452 139 134 328
 283 365 416 290 362 421 393 415 376   0 404 138 134 345
 334 450 452 335 416 434 463 439 452 404   0 187 172 355
  54 175 157  64 118 193 200 198 139 138 187   0  54 248
  51 132 173  59 145 145 195 182 134 134 172  54   0 243
 246 345 335 246 323 382 354 353 328 345 355 248 243   0
3
   0  52  54 306 312 292  60  58 324  40 270 318 316 265
  52   0  50 302 309 290  54  55 319  38 270 315 315 262
  54  50   0 303 312 288  58  58 319  39 268 316 314 262
 306 302 303   0 411 398 167 148 401 150 369 426 414 364
 312 309 312 411   0 410 140 179 442 163 361 400 397 386
 292 290 288 398 410   0 133 160 395 116 344 392 407 349
  60  54  58 167 140 133   0  56 318  40 273 321 318 264
  58  55  58 148 179 160  56   0 319  39 267 319 315 267
 324 319 319 401 442 395 318 319   0 147 365 443 400 350
  40  38  39 150 163 116  40  39 147   0 265 311 307 259
 270 270 268 369 361 344 273 267 365 265   0 386 416 367
 318 315 316 426 400 392 321 319 443 311 386   0 409 349
 316 315 314 414 397 407 318 315 400 307 416 409   0 388
 265 262 262 364 386 349 264 267 350 259 367 349 388   0
4
   0 251  55 250  47 314  59 334  74  70  47 325 317  50
 251   0 140 326 109 381 132 411 166 141 134 393 384 123
  55 140   0 245  45 313  55 336  73  62  41 321 316  43
 250 326 245   0 124 373 124 426 134 133 133 392 406 115
  47 109  45 124   0 309  49 328  69  60  39 319 310  41
 314 381 313 373 309   0 157 416 194 185 163 425 416 167
  59 132  55 124  49 157   0 334  73  63  39 324 314  46
 334 411 336 426 328 416 334   0 194 175 173 424 446 178
  74 166  73 134  69 194  73 194   0  74  48 330 325  50
  70 141  62 133  60 185  63 175  74   0  43 325 314  47
  47 134  41 133  39 163  39 173  48  43   0 316 310  40
 325 393 321 392 319 425 324 424 330 325 316   0 411 163
 317 384 316 406 310 416 314 446 325 314 310 411   0 169
  50 123  43 115  41 167  46 178  50  47  40 163 169   0
RETURN_RATE_SECTION
0
   0  66 103 117 129  60 138 146  93  68  95  69 133 127
  70   0  80  99 116  53 120 127  84  43  75  45 106 119
  80  50   0 113 126  83 145 137 113  53  98  79 137 135
  94  65 124   0 145 100 146 139 100  67 106  89 139 164
 122  70 114 150   0  80 138 173 127  98 121  69 151 148
  76  47  84 108 118   0 127 133  96  57  91  57 117 121
 118  69 106 146 160 103   0 165 130  70 117  74 143 167
 109  78 133 155 155  87 152   0 117  75 108 105 131 144
  93  71 102 118 133  73 130 149   0  57 109  78 134 140
  72  48  75 103 120  52 115 127  84   0  85  51 109 125
  84  65  90 113 139  83 130 146 113  53   0  74 126 133
  75  43  86 105 118  62 124 133  86  53  82   0 106 121
  93  83 118 127 154 103 161 144 130  94 124  89   0 152
  94  91 122 154 154  80 166 170 128  99 132 100 166   0
1
   0 153  72 148 161 170 153 125  98  88 136  69  91  79
 151   0  71 129 129 172 152 130  87 100 138  87  76  91
 119 109   0  98 108 123 113  95  61  55  89  43  53  53
 142 133  66   0 148 161 130 118 100  89 124  77 101  97
 164 148  84 145   0 146 151 124 103  68 121  59  74  91
 145 161  86 130 136   0 143 146  98  77 108  79  90  93
 159 143  73 135 134 167   0 141  92  98 129  60  78  83
 153 144  77 127 141 152 136   0  94  67 101  58  97  74
 127 117  60 104 116 138 128  98   0  64  90  47  67  67
 122 112  43 105 105 129 108  98  74   0  90  45  65  67
 140 139  69 113 133 155 129 112  87  80   0  64  79  78
 116 111  38 103 112 119 113  98  68  54  90   0  61  57
 122 114  48 110 108 124 110  96  69  56  87  45   0  60
 128 124  43 102 114 137 121  99  67  59  90  52  70   0
2
   0 131 120 131  82  93 130 120 117 132  92 123 141  74
 105   0 136 158  93 119 166 133 119 145 108 129 164 106
 110 142   0 159 101 101 147 130 137 165  96 126 151  84
 117 136 155   0  96 130 179 127 143 152 119 147 155 100
  80 124 103 135   0  90 144 109 108 134  84 112 134  73
  92 130 119 141  93   0 143 138 115 154 110 126 144  86
 121 137 141 142  97 106   0 138 144 177 127 126 149 115
 111 149 117 146 111 122 138   0 138 158 123 141 161  90
 109 152 133 144 106 122 148 137   0 167 118 142 138 103
 108 163 157 157 112 121 159 142 149   0 128 152 146 101
  96 132 123 132  91 110 130 113 128 144   0 115 131  89
 100 146 124 141  85 122 154 149 145 153 121   0 164 106
 130 137 142 179 119 128 155 128 156 182 131 141   0 119
  75 131 120 131  88  95 138 123 106 131  84 115 131   0
3
   0 144 133  80 118 113 152 131 110 149 113 143  81 123
 128   0 130 107 122 136 158 153 105 150 122 160 112 139
 127 139   0  82 112 126 141 154  91 136  97 129  92 127
 108 137 117   0 107 111 117 117  78 129  88 118  86 104
 121 138 127  95   0 117 132 150 110 146 104 123 105 126
 132 155 121 107 134   0 146 147 110 135 107 129 105 126
 129 151 148 107 143 136   0 147 126 158  99 142  88 129
 141 160 147 116 126 142 154   0 112 163 125 132  97 135
 115 135 105  83 108 114 131 117   0 134  82 117  84  93
 130 152 122  91 128 148 146 134  97   0 114 151 117 121
 101 137 121  81 114 108 136 121  87 136   0 117  76 101
 118 135 118 102 140 129 144 145  93 132 113   0  94 106
 100 138 111  68 115 117 118 118  91 121  88 116   0 108
 113 146 132  92 118 128 135 131 109 143 109 126  96   0
4
   0  73 111 110  86 102  72  64 130  87 141 110 148  82
  94   0 117  97  85 105  75  68 122  70 137  93 129  82
  93  88   0 124  96  98  76  66 155 104 143 115 156  81
 103  78 122   0  91  96  81  71 148  93 150 118 132  86
  88  92 119 103   0 112  61  58 140  87 147 102 142  93
  91  83 126 116 102   0  80  56 142  87 149  96 148  98
  88  70 108  99  77  85   0  58 129  62 132  93 133  64
  82  63 106  97  76  83  55   0 116  61 121  87 123  71
 105  94 136 139 129 109  93  85   0 110 179 126 155 113
  95  70 101 106  80  91  61  57 125   0 125  99 127  79
 136 103 124 145 110 117  87 102 178  91   0 107 146  91
  93  92 114 121  93 108  68  70 133  80 151   0 144  79
 134 102 130 112 123 137  76  96 144 111 176 137   0 118
  86  79 111 107  83  89  60  58 133  78 135 104 130   0
BONUS_SATISFACTION_SECTION 
  81  46  44   9  68  80  74  45  90  82  81  46  50  27
EOF