NAME : Argelia15n
TYPE : CaRS
COMMENT : Instances for the CaRS Problem (Asconavieta & Goldbarg)
DIMENSION : 15
CARS_NUMBER : 3
EDGE_WEIGHT_TYPE : EXPLICIT
EDGE_WEIGHT_FORMAT : FULL_MATRIX
EDGE_WEIGHT_SECTION
0
   0  60  39  57  50  39 325 245 294 332  34  70  45  50 245
  60   0  47  64  62  50 332 251 302 338  43  76  50  56 254
  39  47   0  58  50  39 322 243 293 332  32  69  42  49 245
  57  64  58   0  57  49 328 254 297 339  37  77  51  58 249
  50  62  50  57   0  47 325 252 299 338  38  75  49  52 247
  39  50  39  49  47   0 322 244 294 333  35  68  44  47 244
 325 332 322 328 325 322   0 358 396 435 126 181 168 172 336
 245 251 243 254 252 244 358   0 383 406 131 142 118 138 326
 294 302 293 297 299 294 396 383   0 415 144 151 155 150 335
 332 338 332 339 338 333 435 406 415   0 140 196 172 176 360
  34  43  32  37  38  35 126 131 144 140   0  65  43  47 241
  70  76  69  77  75  68 181 142 151 196  65   0  57  62 259
  45  50  42  51  49  44 168 118 155 172  43  57   0  50 244
  50  56  49  58  52  47 172 138 150 176  47  62  50   0 246
 245 254 245 249 247 244 336 326 335 360 241 259 244 246   0
1
   0 280 262  45 266 307  42 350  66  41 323  51 253 293  50
 280   0 364 148 377 416 152 424 142 142 397 124 328 397 154
 262 364   0 140 361 408 111 419 137 110 400 127 339 398 122
  45 148 140   0 268 307  42 349  68  39 323  48 251 295  50
 266 377 361 268   0 410 121 428 138 136 410 137 332 383 157
 307 416 408 307 410   0 164 462 180 153 435 143 376 408 146
  42 152 111  42 121 164   0 347  65  36 321  48 250 293  50
 350 424 419 349 428 462 347   0 166 139 421 181 363 416 195
  66 142 137  68 138 180  65 166   0  45 327  55 265 301  57
  41 142 110  39 136 153  36 139  45   0 319  48 251 293  49
 323 397 400 323 410 435 321 421 327 319   0 159 384 426 183
  51 124 127  48 137 143  48 181  55  48 159   0 253 294  54
 253 328 339 251 332 376 250 363 265 251 384 253   0 362 127
 293 397 398 295 383 408 293 416 301 293 426 294 362   0 142
  50 154 122  50 157 146  50 195  57  49 183  54 127 142   0
2
   0  52 308 260  59  70  53  47  59 284  54 354  62 321  59
  52   0 301 248  51  60  43  40  53 275  49 346  53 311  51
 308 301   0 353 155 144 157 134 155 388 160 460 155 416 135
 260 248 353   0 143 135 128 108 135 375 131 415 143 388 126
  59  51 155 143   0  66  47  47  59 277  49 354  54 316  52
  70  60 144 135  66   0  52  49  62 284  53 356  61 323  58
  53  43 157 128  47  52   0  41  52 275  48 347  52 313  53
  47  40 134 108  47  49  41   0  50 273  45 346  51 312  52
  59  53 155 135  59  62  52  50   0 278  53 353  56 316  53
 284 275 388 375 277 284 275 273 278   0 141 432 163 407 153
  54  49 160 131  49  53  48  45  53 141   0 351  57 317  53
 354 346 460 415 354 356 347 346 353 432 351   0 186 413 151
  62  53 155 143  54  61  52  51  56 163  57 186   0 317  56
 321 311 416 388 316 323 313 312 316 407 317 413 317   0 159
  59  51 135 126  52  58  53  52  53 153  53 151  56 159   0
RETURN_RATE_SECTION
0
   0 101  80  64 106  96 112  83  69  41  97  77  70  50  87
  77   0  93  87 116  92 122  98  81  50 124  92  92  64  94
  70  97   0  64  98  82 108  79  71  52 103  69  72  60  76
  64  92  60   0  96  84  97  81  55  38  91  57  68  42  71
  76 107  93  60   0  96 115 102  79  54 122  85  85  70  85
  92 119  87  74 113   0 124  96  72  46 110  82  73  54  87
 100 126  89  62 112 115   0 110  94  51 115  75  78  79  98
  70 114  82  63 111  88 119   0  65  48 108  83  86  71  87
  64  99  74  48  92  90 102  79   0  46 105  64  65  49  80
  63  95  56  49  86  82  93  71  47   0  92  54  57  41  73
  79 111  82  84 129  92 135 101  89  55   0  84  82  83  91
  74  97  73  57 100  91  99  89  57  54 106   0  64  58  77
  78 103  78  61  95  88 109  88  58  40 106  65   0  48  75
  63  98  59  48  94  79  99  79  56  39  98  65  62   0  74
  72 111  70  55  95  85 105  93  58  62 102  71  79  60   0
1
   0 106  78  79  81 100  87 110  66  66  85 104  56  92  92
 118   0  83  72 108 117 111 112  85  55  99  88  77  93  93
  98 106   0  63  85  86  79  94  65  44  69  92  61  89  81
  94 100  69   0  85  86  85  96  69  43  76  89  52  75  70
  84 118  75  70   0 103  92  99  65  61  86  85  68  98  83
  97 120  77  73  99   0  81 109  78  49  81 103  69  87  88
  96 113  77  75  80  85   0  92  69  52  85  91  70  92  89
  93 124  77  90  96  92  93   0  85  68  84  90  60  96  84
  81 107  77  75  75  96  79  91   0  49  77  85  49  88  70
  73  95  59  61  74  76  73  83  61   0  65  77  43  69  64
  86 113  74  77  82  83  85  90  77  47   0  80  68  82  77
  87 113  77  67  82  96  91 108  71  52  75   0  57  83  86
  82  92  67  65  77  78  75  92  64  45  69  84   0  71  71
  97 100  72  84  83  91  92  93  74  50  88  84  61   0  80
  84 108  73  67  78 101  77  97  74  47  73  85  60  86   0
2
   0 114  92  57  96  85 108  52  61 103  61 101  64  67  73
 100   0 125  74 105  96 129  82  77 127  87 112  80  91 100
  92 129   0  69 104  85 121  66  65 116  72 121  71  86  75
  62  94  84   0  83  72  99  42  50  83  60  88  53  53  61
  90 118 104  63   0  96 118  60  67 102  74 119  87  78  78
  83 111  96  58  98   0 121  48  65 112  76 108  65  75  86
 103 123 128  66 105 105   0  79  71 113  92 126  88  72  81
  64  96  86  40  81  67  96   0  50  92  57  96  51  51  64
  69 105  87  49  91  77  94  49   0  93  61  98  54  63  70
  92 112 123  72 112  96 125  57  73   0  86 111  82  76  78
  63 101  99  41  92  84  97  51  62  96   0  94  57  57  69
  93 109 118  67 117 108 109  77  67 104  96   0  68  89 101
  69  97 101  43  81  76 110  46  52  90  57 101   0  67  73
  66 104  90  39  85  79  97  55  58  91  60  96  70   0  73
  82 106 100  49  98  89  99  49  54  95  72  96  60  60   0
BONUS_SATISFACTION_SECTION 
  25  55  75  79  28  90  53  37  65  91  79  95  40  73  63
EOF