NAME : Argentina16n
TYPE : CaRS
COMMENT : Instances for the CaRS Problem (Asconavieta & Goldbarg)
DIMENSION : 16
CARS_NUMBER : 2
EDGE_WEIGHT_TYPE : EXPLICIT
EDGE_WEIGHT_FORMAT : FULL_MATRIX
EDGE_WEIGHT_SECTION
0
   0 393 363 400 115 145 115 342 108 128 138 440 134 421 124 103
 393   0 362 452 160 173 160 369 160 155 158 457 151 440 140 118
 363 362   0 410 144 149 135 363 118 122 143 443 155 434 127 140
 400 452 410   0 146 170 135 375 146 161 144 484 146 467 144 173
 115 160 144 146   0  51  40 257  39  42  37 357  51 330  47  33
 145 173 149 170  51   0  43 262  43  51  41 364  53 332  52  39
 115 160 135 135  40  43   0 257  41  43  40 354  51 328  49  33
 342 369 363 375 257 262 257   0 119 123 117 460 154 433 144 106
 108 160 118 146  39  43  41 119   0  46  40 358  52 328  48  36
 128 155 122 161  42  51  43 123  46   0  40 357  50 330  48  39
 138 158 143 144  37  41  40 117  40  40   0 356  50 328  46  34
 440 457 443 484 357 364 354 460 358 357 356   0 199 456 152 184
 134 151 155 146  51  53  51 154  52  50  50 199   0 336  51  38
 421 440 434 467 330 332 328 433 328 330 328 456 336   0 143 151
 124 140 127 144  47  52  49 144  48  48  46 152  51 143   0  36
 103 118 140 173  33  39  33 106  36  39  34 184  38 151  36   0
1
   0  41  47  50  48  39  49  61 345 339 248  50  62  44 346  46
  41   0  48  50  48  41  53  64 343 338 251  48  65  46 343  47
  47  48   0  54  50  43  53  66 347 342 252  50  65  51 345  50
  50  50  54   0  52  43  54  68 349 339 252  53  66  50 346  53
  48  48  50  52   0  40  52  68 349 340 249  54  66  50 349  48
  39  41  43  43  40   0  48  63 345 338 248  50  60  47 342  45
  49  53  53  54  52  48   0  67 349 345 252  54  67  52 349  49
  61  64  66  68  68  63  67   0 351 344 254  61  74  56 356  58
 345 343 347 349 349 345 349 351   0 482 348 192 195 145 488 147
 339 338 342 339 340 338 345 344 482   0 389 146 181 143 452 177
 248 251 252 252 249 248 252 254 348 389   0 132 145 145 443 115
  50  48  50  53  54  50  54  61 192 146 132   0  66  48 346  51
  62  65  65  66  66  60  67  74 195 181 145  66   0  51 353  56
  44  46  51  50  50  47  52  56 145 143 145  48  51   0 346  49
 346 343 345 346 349 342 349 356 488 452 443 346 353 346   0 158
  46  47  50  53  48  45  49  58 147 177 115  51  56  49 158   0
RETURN_RATE_SECTION
0
   0  86  87  47  80  50  84  62  39  74  65  74  70  49  77  54
  70   0 117  77 106  72 108  93  57 100  76 110 105  73 114  65
  72 125   0  70  91  62 123  74  54 103  91  95  83  64 114  83
  45  94  89   0  81  46  95  68  41  75  69  82  69  57  87  52
  51  99 119  63   0  63 115  75  62  89  77 100  98  83 107  69
  40  88  88  56  89   0  86  69  46  77  70  82  76  50  79  62
  72  99 124  69  97  83   0  85  56  89  95 102  92  70 109  69
  51  93 104  62  93  50  92   0  58  87  77  92  83  60  95  69
  34  85  85  42  80  43  87  61   0  78  66  72  73  53  85  51
  52 112 104  68  95  55 100  80  66   0  93  96  90  72  99  78
  54 109  92  50  89  60 104  70  50  93   0  85  82  62  89  72
  54 102 112  68  99  76 105  82  64 102  90   0  85  78 103  63
  46  96 102  56  93  57 108  67  58  88  86  98   0  64  87  69
  43 101  93  55  90  59  87  68  45  77  73  77  76   0  88  57
  50  99 120  55  90  65 113  82  54  87  96  87 101  63   0  69
  45  97 100  55  88  61  96  65  54  76  68  83  82  59  81   0
1
   0  91  72  65  58  96  60  95  85  79  92  93 108  81  51 115
 119   0  82  57  70  97  55  80  71  89  89  87  95  74  52 111
  89  86   0  49  55  93  54  59  69  62  70  63  72  66  34  91
  95  82  58   0  46  84  45  62  61  59  63  63  70  51  34  92
  87  82  52  44   0  88  52  57  65  65  74  64  77  59  34  94
 109  93  84  74  72   0  58  91  70  86  91  78  83  75  58 119
  89  78  51  50  55  85   0  65  59  62  66  54  73  57  36  97
 103  90  64  55  58  93  57   0  69  73  71  60  86  65  36  96
  90  90  64  63  51  93  57  73   0  73  80  73  86  61  40  93
  94  88  55  59  53  95  48  63  63   0  78  71  76  59  36  94
 103  85  68  64  50  97  66  76  80  66   0  61  82  68  37 111
  96  83  59  60  51  98  51  59  62  71  78   0  74  57  48 102
 102 105  79  66  60  96  62  76  70  68  72  66   0  70  39 101
 101  85  57  59  53  93  56  59  58  64  78  57  79   0  36 104
  86  76  52  45  45  80  44  56  52  56  60  52  69  52   0  86
 106 115  82  59  77 108  66  94  89  76 101  69  97  91  45   0
BONUS_SATISFACTION_SECTION 
  67  28  27  44  25  29   5  81  84  99  76  46  82  22  63   2
EOF