NAME : Australia16n
TYPE : CaRS
COMMENT : Instances for the CaRS Problem (Asconavieta & Goldbarg)
DIMENSION : 16
CARS_NUMBER : 4
EDGE_WEIGHT_TYPE : EXPLICIT
EDGE_WEIGHT_FORMAT : FULL_MATRIX
EDGE_WEIGHT_SECTION
0
   0 360  61 285 339  61 278  46  47  60  43  51  54 363 312 324
 360   0 159 393 457 173 402 176 158 167 155 184 165 459 455 423
  61 159   0 286 340  64 280  47  48  62  49  51  55 365 316 324
 285 393 286   0 446 173 372 126 140 131 137 125 138 443 420 416
 339 457 340 446   0 165 393 178 140 149 169 175 168 473 402 426
  61 173  64 173 165   0 281  49  49  62  46  53  56 361 313 325
 278 402 280 372 393 281   0 134 130 148 127 159 137 460 401 424
  46 176  47 126 178  49 134   0  45  52  41  45  51 356 308 322
  47 158  48 140 140  49 130  45   0  56  42  51  52 359 309 322
  60 167  62 131 149  62 148  52  56   0  44  50  54 361 312 323
  43 155  49 137 169  46 127  41  42  44   0  49  53 356 308 321
  51 184  51 125 175  53 159  45  51  50  49   0  57 357 307 322
  54 165  55 138 168  56 137  51  52  54  53  57   0 359 309 323
 363 459 365 443 473 361 460 356 359 361 356 357 359   0 433 458
 312 455 316 420 402 313 401 308 309 312 308 307 309 433   0 446
 324 423 324 416 426 325 424 322 322 323 321 322 323 458 446   0
1
   0 365 154 330 106 418 118 343 123 130 138 343 341 154 135 141
 365   0 168 343 134 414 163 357 151 168 168 339 361 150 130 144
 154 168   0 246  49 325  61 252  52  65  60 254 265  61  60  64
 330 343 246   0 112 385 132 318 144 121 121 310 339 152 126 132
 106 134  49 112   0 318  52 243  47  57  56 243 260  56  54  61
 418 414 325 385 318   0 143 378 161 178 168 337 350 158 155 171
 118 163  61 132  52 143   0 248  52  63  63 248 265  61  55  65
 343 357 252 318 243 378 248   0 115 130 130 343 325 123 127 157
 123 151  52 144  47 161  52 115   0  60  57 250 262  61  55  61
 130 168  65 121  57 178  63 130  60   0  64 253 265  63  61  63
 138 168  60 121  56 168  63 130  57  64   0 252 265  64  62  68
 343 339 254 310 243 337 248 343 250 253 252   0 341 130 135 133
 341 361 265 339 260 350 265 325 262 265 265 341   0 152 157 138
 154 150  61 152  56 158  61 123  61  63  64 130 152   0  60  64
 135 130  60 126  54 155  55 127  55  61  62 135 157  60   0  67
 141 144  64 132  61 171  65 157  61  63  68 133 138  64  67   0
2
   0 275  50 301  50  61 275 282 318 327 270 318  53  64 343  48
 275   0 126 394 129 154 389 392 393 403 346 396 146 148 436 158
  50 126   0 300  56  64 282 284 321 330 270 322  56  63 346  50
 301 394 300   0 136 163 361 374 429 439 363 432 155 166 454 149
  50 129  56 136   0  65 281 286 318 328 275 323  54  67 346  52
  61 154  64 163  65   0 281 287 323 331 275 326  62  67 346  56
 275 389 282 361 281 281   0 383 410 430 355 413 137 174 418 140
 282 392 284 374 286 287 383   0 420 404 383 423 147 140 419 150
 318 393 321 429 318 323 410 420   0 436 400 419 152 152 461 146
 327 403 330 439 328 331 430 404 436   0 363 454 145 187 466 139
 270 346 270 363 275 275 355 383 400 363   0 393 126 162 416 146
 318 396 322 432 323 326 413 423 419 454 393   0 153 163 473 137
  53 146  56 155  54  62 137 147 152 145 126 153   0  65 348  49
  64 148  63 166  67  67 174 140 152 187 162 163  65   0 353  54
 343 436 346 454 346 346 418 419 461 466 416 473 348 353   0 144
  48 158  50 149  52  56 140 150 146 139 146 137  49  54 144   0
3
   0 322  67  45 333  42 349  57 252 300  69 358  57  48  25  39
 322   0 179 170 446 147 441 143 365 416 185 453 139 136 149 144
  67 179   0  50 331  43 352  61 250 302  73 359  56  53  23  40
  45 170  50   0 328  37 343  54 244 296  66 351  49  45  17  32
 333 446 331 328   0 151 466 157 380 421 190 468 153 150 143 158
  42 147  43  37 151   0 341  50 244 295  62 353  46  45  17  31
 349 441 352 343 466 341   0 163 355 438 175 495 147 155 161 165
  57 143  61  54 157  50 163   0 249 299  68 360  54  48  27  40
 252 365 250 244 380 244 355 249   0 394 139 427 146 135 116 100
 300 416 302 296 421 295 438 299 394   0 177 465 160 157 140 127
  69 185  73  66 190  62 175  68 139 177   0 361  57  52  32  42
 358 453 359 351 468 353 495 360 427 465 361   0 185 148 155 170
  57 139  56  49 153  46 147  54 146 160  57 185   0  50  21  36
  48 136  53  45 150  45 155  48 135 157  52 148  50   0  22  38
  25 149  23  17 143  17 161  27 116 140  32 155  21  22   0  25
  39 144  40  32 158  31 165  40 100 127  42 170  36  38  25   0
RETURN_RATE_SECTION
0
   0 101  72 116  90 115  54  78  96  72 113  87  63  87 111  55
  92   0  66 136 109 125  66  76 105  81 124 103  83 111 131  55
  67  90   0 111  76 103  54  61  90  67 118  87  59  79 115  54
 111 133  71   0  90 124  73  87  98  94 120 121  77 120 130  72
  86  99  67 120   0 112  66  82 106  82 122  92  77 107 125  60
  90 106  88 124 115   0  74 101 109  94 136 112  70 111 134  63
  74  99  64 109  73 103   0  68  81  66 110  87  60  84 111  46
  73 100  58 103  93 120  55   0  83  70 118  94  59  83 125  54
  96 110  76 108  95 132  81  90   0  68 134  94  80  88 122  75
  77  98  59 101  89 117  57  65  96   0 107  93  60  95 111  57
 108 131 101 140 104 123  84  87 128  80   0 107  89 120 144  91
  87 103  69 128  99 114  76  81  90  74 129   0  69 108 124  72
  70  96  59 100  87 110  56  69  90  69 118  86   0  80 106  52
  91 102  73 125  98 125  60  81 100  80 120  98  71   0 117  60
 109 129  87 119 101 121  88  97 114  77 122 117 102 121   0  61
  70  87  55  97  75 107  53  61  79  63 107  83  59  77 106   0
1
   0  78  67  67 114  50  60  95 104  56  64  55 106  91  88  65
  59   0  82  75 110  61  77 118 115  71  64  57 110 113  90  88
  71  86   0  74 115  60  69 115 111  64  73  71 112 103  88  85
  65  83  70   0 115  52  57 102 110  57  64  52 112  97  79  72
  75 114 107  83   0  63 101 131 116  81  71  81 131 110 110  95
  57  68  65  56 105   0  53  97  99  51  51  55 101  91  77  65
  54  69  72  56 106  49   0  95  99  55  62  55 112  93  84  72
  91  98 105  79 139  71  87   0 138  91  93  80 117 132 108  91
  88  83 104  89 136  76  75 128   0  85  92  82 118 120  93 107
  56  71  71  63 103  43  69 108 111   0  60  57 108 105  84  68
  58  75  73  55 108  42  56  99  98  53   0  55 104  92  85  73
  65  70  72  59 105  50  57 103  96  62  52   0 113  93  76  67
  94 115 111  72 118  61  90 122 144  76  87  94   0 123 104 104
  79 102 100  70 132  75  83 125 115  69  70  89 134   0 112  82
  67  76  72  65 109  64  79 112 107  72  78  58 129 117   0  84
  57  79  78  59 108  55  72 111 101  57  57  68 113  98  85   0
2
   0  63  67  66  59  90  61  97  98  88 123  62  98  98  86  93
  87   0  50  50  51  77  50  88  90  83 106  50  77  96  74  87
  90  48   0  56  43  72  37  88  75  71 103  55  67  91  63  75
  88  55  43   0  49  78  39  91  81  76 102  59  72  90  68  80
  87  57  48  57   0  80  43  82  86  82 109  54  71  91  71  79
  98  73  67  66  63   0  68  91  91  86 117  76  84  98  80  99
  83  50  40  50  46  75   0  82  74  71 100  54  67  87  62  76
 108  81  63  84  70 101  74   0  92  94 110  68  89 102  87  90
 103  60  65  63  76  85  61 109   0  95 112  80  94 102  73 105
  98  63  57  58  53 102  49 109  85   0 121  58  86  92  80  89
 108  97  57  69  76 116  70  99 119  96   0  83 103 121  81  99
  86  61  41  59  54  83  42  91  88  75 108   0  66  84  71  79
 109  64  50  60  54  92  54  93  96  88 123  68   0  99  78  91
  99  70  62  85  61  95  60 118 100  92 135  80 102   0  95 100
  98  70  51  57  61  79  51 103  97  91 120  55  83  88   0  92
 103  60  69  76  71  83  50 107  90  98 110  67  88 112  90   0
3
   0  67 116  78  54 103 132  68 106  78 107  94 138 103  95  74
  93   0  90  56  37  79 107  62  94  49  77  77 113  91  68  52
 121  67   0  73  56  95 110  70 115  63  98  98 128 117  85  73
  93  62  86   0  44  89 113  57 108  56  74  72 125  98  72  47
  89  50  81  52   0  71  96  51  89  48  73  70 107  87  69  44
 104  58 104  75  63   0 119  63 110  59  96  96 133 111  80  72
 129  71 108  83  66 105   0  94 115  67 114 108 135 126 112  72
  89  56  89  61  48  83 112   0 105  58  82  73 113  99  78  54
 102  91 114  78  75 106 136  83   0  71  84 108 123 113  85  81
  91  49  91  66  42  81 107  58  93   0  69  81 117  98  79  43
  95  67 103  64  44  93 117  78 101  55   0  85 118 110  76  66
 101  64  88  62  52  93 119  72 103  72  81   0 128  97  78  49
 113  82 101  81  59  98 117  98 141  74 111 101   0 129 106  65
 108  68 115  85  57 115 124  89 107  80  83  85 124   0  81  71
  97  63  94  73  42  94 116  66 114  56  77  77 127 115   0  63
  93  50  89  53  41  76 100  54  96  47  68  75 108  95  65   0
BONUS_SATISFACTION_SECTION 
  82  82  24  14  32  52   1  94  46  83  81  43  99  24  62  85
EOF