NAME : Bolivia10n
TYPE : CaRS
COMMENT : Instances for the CaRS Problem (Asconavieta & Goldbarg)
DIMENSION : 10
CARS_NUMBER : 3
EDGE_WEIGHT_TYPE : EXPLICIT
EDGE_WEIGHT_FORMAT : FULL_MATRIX
EDGE_WEIGHT_SECTION
0
   0  45  54  35 341 316  69 349 346  47
  45   0  55  34 342 311  65 348 345  45
  54  55   0  43 344 316  72 355 349  49
  35  34  43   0 341 312  62 344 343  41
 341 342 344 341   0 422 186 468 486 186
 316 311 316 312 422   0 174 456 443 143
  69  65  72  62 186 174   0 354 351  52
 349 348 355 344 468 456 354   0 489 189
 346 345 349 343 486 443 351 489   0 177
  47  45  49  41 186 143  52 189 177   0
1
   0 476 179 394 140 185 380 391 170 128
 476   0 166 403 166 194 406 431 188 154
 179 166   0 270  60  63 296 289  56  49
 394 403 270   0 153 150 367 392 144 149
 140 166  60 153   0  63 300 287  58  45
 185 194  63 150  63   0 299 293  61  49
 380 406 296 367 300 299   0 376 173 142
 391 431 289 392 287 293 376   0 133 121
 170 188  56 144  58  61 173 133   0  46
 128 154  49 149  45  49 142 121  46   0
2
   0 340  48 270 278  49  42  47 254 270
 340   0 190 376 396 191 170 174 381 398
  48 190   0 272 281  54  44  50 255 272
 270 376 272   0 351 133 131 135 342 350
 278 396 281 351   0 154 117 148 337 362
  49 191  54 133 154   0  41  49 256 274
  42 170  44 131 117  41   0  44 251 267
  47 174  50 135 148  49  44   0 255 267
 254 381 255 342 337 256 251 255   0 368
 270 398 272 350 362 274 267 267 368   0
RETURN_RATE_SECTION
0
   0 135 107 123 119  73 110  71  76  92
 118   0 120 126 128  94 123  96 101 113
  93 158   0 120 132  66 121  62  91  91
 105 128 120   0 143  64 120  82 100 109
 115 141 124 136   0  81 121  83 107 104
  78 113 100 104 114   0 104  56  59  79
 100 133 140 139 130  79   0  84  86  93
  73 119 101  96 106  46 105   0  65  80
  91 130 117 108 121  55 120  61   0  82
  99 122 127 118 132  62 130  57  83   0
1
   0  70 115 102 133  66 130 129  85 134
  85   0  90  92 114  45 121 106  76 120
  97  85   0  95 134  51 125 111  96 126
  95  75 112   0 134  63 124 114 106 140
  98  94 128 124   0  85 160 132  92 146
  75  56  85  86 114   0 117  96  69 108
 112  98 119 115 143  83   0 123  99 137
 109  97 119 118 146  76 130   0 115 126
  93  76 107  93 121  57 131 124   0 128
  94  73 123 116 144  90 162 134 113   0
2
   0  65  95 126  81  62  93  45  71  90
  65   0  80 113  77  61 100  46  69  97
  85  82   0 136  95  63 103  54  73 106
  91  80 113   0 123  88 126  86  85 111
  75  85  89 124   0  68 111  49  78  97
  61  63  79 112  73   0  97  39  55  83
  90  79 100 139 107  85   0  67  72 124
  56  67  80 113  75  51  95   0  53  83
  74  63  92 123  84  54  98  45   0  86
  92  88  95 126  96  69 118  71  77   0
BONUS_SATISFACTION_SECTION 
  62  19  88  27  33  14  24  34  15  95
EOF