NAME : BrasilRJ14n
TYPE : CaRS
COMMENT : Instances for the CaRS Problem (Asconavieta & Goldbarg)
DIMENSION : 14
CARS_NUMBER : 2
EDGE_WEIGHT_TYPE : EXPLICIT
EDGE_WEIGHT_FORMAT : FULL_MATRIX
EDGE_WEIGHT_SECTION
0
   0  30  21  12  52   8   6  10   4   4  23  27  13  15
  30   0  29  21  61  15  14  20  16  15  33  35  23  24
  21  29   0  17  59  15  11  15  12  10  28  33  19  22
  12  21  17   0  54  10   8  12   7   7  25  30  15  17
  52  61  59  54   0  23  21  26  20  20  43  42  32  32
   8  15  15  10  23   0   7  11   5   5  23  27  14  15
   6  14  11   8  21   7   0  10   4   4  22  27  14  15
  10  20  15  12  26  11  10   0   6   6  24  28  15  16
   4  16  12   7  20   5   4   6   0   4  22  26  13  14
   4  15  10   7  20   5   4   6   4   0  22  26  13  14
  23  33  28  25  43  23  22  24  22  22   0  34  21  21
  27  35  33  30  42  27  27  28  26  26  34   0  20  24
  13  23  19  15  32  14  14  15  13  13  21  20   0  17
  15  24  22  17  32  15  15  16  14  14  21  24  17   0
1
   0   8  27 171 258  15  19  23  26  12  12   5   8  14
   8   0  25 169 256  13  18  21  24  10  10   3   6  12
  27  25   0 176 264  21  24  30  32  17  18  10  14  21
 171 169 176   0 316  68  94  92  95  87  87  79  71  77
 258 256 264 316   0  97 101 138 124 119 102  86 123 120
  15  13  21  68  97   0  21  24  27  13  13   6   8  16
  19  18  24  94 101  21   0  27  29  16  15   8  10  17
  23  21  30  92 138  24  27   0  29  16  18   8  12  18
  26  24  32  95 124  27  29  29   0  16  16   9  12  18
  12  10  17  87 119  13  16  16  16   0  12   4   8  13
  12  10  18  87 102  13  15  18  16  12   0   4   8  14
   5   3  10  79  86   6   8   8   9   4   4   0   5  11
   8   6  14  71 123   8  10  12  12   8   8   5   0  12
  14  12  21  77 120  16  17  18  18  13  14  11  12   0
RETURN_RATE_SECTION
0
   0  12   9  12   9  17   8  17  17  10  20  20  16  17
  15   0   8  12   8  19   9  16  18   9  22  20  13  15
  12  10   0   8   6  16   6  13  13   7  18  18  12  14
  14  11   8   0   7  17   6  15  16   6  20  19  12  15
  12  11   6   7   0  15   6  14  14   6  19  19  12  14
  17  16  10  12  11   0  12  18  16  11  22  22  17  17
  12  10   6   8   6  15   0  13  14   7  19  18  12  14
  14  14  10  10   9  20  12   0  19  10  21  22  16  20
  17  13  11  10  11  18   9  16   0  12  20  23  18  16
  12  10   7   8   6  15   7  14  14   0  18  19  13  13
  16  18  15  15  14  22  12  17  22  11   0  25  19  19
  19  19  13  16  11  19  10  20  23  10  25   0  16  19
  15  12   9  10   8  17  11  18  16   8  22  21   0  17
  18  15  10  12  10  20   9  18  20  10  21  23  15   0
1
   0  17  19   9  16  11  19  23  17  12  16  10  19  10
  17   0  18   9  15  12  15  20  19  10  14  10  17  10
  16  16   0  12  19  15  16  22  19  11  19  15  18  12
  14  13  15   0  12   9  14  18  14   6  12   9  15   6
  16  16  19   9   0  12  15  22  18  10  14  11  20   9
  15  14  17   8  13   0  16  19  15   8  15  11  16   7
  17  17  20   9  16  13   0  20  16  12  18  11  21  11
  23  19  21  12  16  17  21   0  18  11  19  15  21  14
  17  14  19  11  15  12  16  23   0  10  14  12  19  12
  13  12  15   7  12   9  14  18  13   0  12   7  15   6
  16  14  17   9  17  14  18  20  15  11   0   9  19   9
  14  12  17   7  14   9  14  19  14   6  12   0  15   7
  16  16  22   9  15  12  16  25  21   9  19  10   0  13
  14  12  15   6  13  10  14  18  14   6  12   8  15   0
BONUS_SATISFACTION_SECTION 
  70  43  69  16  61  22  25  84  78  27   8  60  31  53
EOF