NAME : BrasilAM26n
TYPE : CaRS
COMMENT : Instances for the CaRS Problem (Asconavieta & Goldbarg)
DIMENSION : 26
CARS_NUMBER : 3
EDGE_WEIGHT_TYPE : EXPLICIT
EDGE_WEIGHT_FORMAT : FULL_MATRIX
EDGE_WEIGHT_SECTION
0
   0  25  14  29 125  34  23  19  16  31  16  23  17  33  26  13  28 109  11  22  14  22  19  21  17  24
  25   0  18  33 129  36  27  21  21  36  20  28  19  36  31  14  32 112  15  25  16  25  22  23  21  27
  14  18   0  27 123  32  23  17  16  30  15  22  16  32  25  11  27 108  10  21  12  21  18  20  15  23
  29  33  27   0 128  38  30  22  20  38  23  29  20  39  32  15  34 114  17  28  17  26  24  25  23  29
 125 129 123 128   0  76  63  53  63  78  67  75  60  68  78  59  68 149  63  69  60  66  66  60  52  63
  34  36  32  38  76   0  29  25  23  39  23  31  25  39  32  19  37 114  18  28  20  30  25  29  24  31
  23  27  23  30  63  29   0  20  18  34  20  26  18  37  30  15  31 114  15  26  18  25  22  24  19  27
  19  21  17  22  53  25  20   0  16  32  17  24  17  34  28  13  28 109  12  23  14  23  19  21  18  25
  16  21  16  20  63  23  18  16   0  32  17  23  17  34  26  11  29 109  11  23  13  23  19  20  16  23
  31  36  30  38  78  39  34  32  32   0  24  28  24  37  35  16  33 114  20  27  18  27  25  28  24  29
  16  20  15  23  67  23  20  17  17  24   0  23  16  32  27  11  28 110  13  22  13  22  19  21  17  25
  23  28  22  29  75  31  26  24  23  28  23   0  19  37  31  16  32 114  16  27  15  26  23  25  19  27
  17  19  16  20  60  25  18  17  17  24  16  19   0  33  27  12  29 110  12  22  13  22  19  20  17  23
  33  36  32  39  68  39  37  34  34  37  32  37  33   0  32  17  36 116  17  27  21  30  28  27  23  31
  26  31  25  32  78  32  30  28  26  35  27  31  27  32   0  17  31 112  17  25  18  25  24  26  19  27
  13  14  11  15  59  19  15  13  11  16  11  16  12  17  17   0  27 108  10  20  11  20  18  19  14  22
  28  32  27  34  68  37  31  28  29  33  28  32  29  36  31  27   0 113  18  27  20  27  23  27  23  28
 109 112 108 114 149 114 114 109 109 114 110 114 110 116 112 108 113   0  49  66  57  60  60  65  47  54
  11  15  10  17  63  18  15  12  11  20  13  16  12  17  17  10  18  49   0  21  12  21  18  19  14  22
  22  25  21  28  69  28  26  23  23  27  22  27  22  27  25  20  27  66  21   0  15  24  21  24  18  26
  14  16  12  17  60  20  18  14  13  18  13  15  13  21  18  11  20  57  12  15   0  21  18  20  15  23
  22  25  21  26  66  30  25  23  23  27  22  26  22  30  25  20  27  60  21  24  21   0  22  24  18  26
  19  22  18  24  66  25  22  19  19  25  19  23  19  28  24  18  23  60  18  21  18  22   0  21  17  26
  21  23  20  25  60  29  24  21  20  28  21  25  20  27  26  19  27  65  19  24  20  24  21   0  18  26
  17  21  15  23  52  24  19  18  16  24  17  19  17  23  19  14  23  47  14  18  15  18  17  18   0  24
  24  27  23  29  63  31  27  25  23  29  25  27  23  31  27  22  28  54  22  26  23  26  26  26  24   0
1
   0  22  32   4  12   8   8   7  11  10   7   4  52  22  11 171  13  17  32  41  41  14   7  13  16  21
  22   0  37   9  16  15  14  11  16  15  12   9  57  27  18 175  18  21  39  48  46  21  13  19  20  25
  32  37   0  14  21  16  18  18  21  18  14  11  60  32  21 181  23  27  42  51  51  22  15  21  23  30
   4   9  14   0   9   6   6   5   9   8   5   2  50  20   9 168  11  15  30  39  39  12   5  11  14  18
  12  16  21   9   0   9   9   7  12  11   7   5  53  23  12 171  14  18  33  42  42  15   8  13  17  21
   8  15  16   6   9   0   8   7  11   9   6   4  51  21  11 170  13  17  32  41  41  14   7  12  16  20
   8  14  18   6   9   8   0   6  11   9   6   4  51  21  11 170  13  17  32  41  41  14   7  12  15  20
   7  11  18   5   7   7   6   0  11   9   6   3  51  21  10 169  12  17  31  40  40  14   6  12  15  19
  11  16  21   9  12  11  11  11   0  11   7   5  53  22  12 172  13  18  33  43  42  15   7  13  17  21
  10  15  18   8  11   9   9   9  11   0   7   4  52  22  11 171  13  18  33  42  41  15   7  13  16  21
   7  12  14   5   7   6   6   6   7   7   0   3  51  21  10 169  12  16  32  40  41  13   6  12  15  19
   4   9  11   2   5   4   4   3   5   4   3   0  50  20   9 168  11  15  30  39  39  12   5  11  14  18
  52  57  60  50  53  51  51  51  53  52  51  50   0  42  28 186  27  38  48  58  62  35  27  27  30  39
  22  27  32  20  23  21  21  21  22  22  21  20  42   0  18 177  19  22  38  48  46  21  13  18  20  26
  11  18  21   9  12  11  11  10  12  11  10   9  28  18   0 172  13  19  34  43  42  15   7  14  17  22
 171 175 181 168 171 170 170 169 172 171 169 168 186 177 172   0  88  87 108 106 106  84  60  72  69  96
  13  18  23  11  14  13  13  12  13  13  12  11  27  19  13  88   0  19  34  43  42  16   8  15  17  22
  17  21  27  15  18  17  17  17  18  18  16  15  38  22  19  87  19   0  35  44  44  18  10  16  19  23
  32  39  42  30  33  32  32  31  33  33  32  30  48  38  34 108  34  35   0  51  49  23  14  22  23  31
  41  48  51  39  42  41  41  40  43  42  40  39  58  48  43 106  43  44  51   0  53  28  20  26  27  36
  41  46  51  39  42  41  41  40  42  41  41  39  62  46  42 106  42  44  49  53   0  25  18  28  26  36
  14  21  22  12  15  14  14  14  15  15  13  12  35  21  15  84  16  18  23  28  25   0   9  15  18  23
   7  13  15   5   8   7   7   6   7   7   6   5  27  13   7  60   8  10  14  20  18   9   0  12  15  19
  13  19  21  11  13  12  12  12  13  13  12  11  27  18  14  72  15  16  22  26  28  15  12   0  17  22
  16  20  23  14  17  16  15  15  17  16  15  14  30  20  17  69  17  19  23  27  26  18  15  17   0  23
  21  25  30  18  21  20  20  19  21  21  19  18  39  26  22  96  22  23  31  36  36  23  19  22  23   0
2
   0   5   7  20  34  16  26  14  22  10  17 232  17   2   5   7  10   8   4   8   4  10 379  25   7   7
   5   0   8  21  34  16  27  15  22  10  18 232  18   3   6   7  10   9   4   9   4  11 379  25   7   8
   7   8   0  22  35  17  27  16  23  11  18 233  18   4   6   8  11   9   5   9   5  11 380  26   8   8
  20  21  22   0  42  21  33  20  28  16  25 239  25   9  12  14  16  14  12  14  11  17 387  33  13  15
  34  34  35  42   0  30  38  26  33  20  29 246  31  16  18  19  24  20  18  21  16  22 392  35  21  17
  16  16  17  21  30   0  31  18  26  14  22 237  21   7  11  11  15  13   9  12   9  15 384  30  12  12
  26  27  27  33  38  31   0  25  30  18  25 242  25  12  13  15  17  17  11  16  11  18 389  32  17  16
  14  15  16  20  26  18  25   0  26  13  21 236  22   6   9  11  13  12   8  13   7  14 383  28  11  11
  22  22  23  28  33  26  30  26   0  17  25 238  24  10  12  13  16  17  10  16  10  16 385  32  13  15
  10  10  11  16  20  14  18  13  17   0  19 234  20   4   7   9  12  11   6  11   7  12 381  27   9   9
  17  18  18  25  29  22  25  21  25  19   0 237  23   7  11  12  15  14  10  13   8  16 384  31  12  11
 232 232 233 239 246 237 242 236 238 234 237   0  93 109  96  98  86  92  87 107  87  93 470 131  83  90
  17  18  18  25  31  21  25  22  24  20  23  93   0   9  11  13  14  13  10  13   9  16 384  30  12  12
   2   3   4   9  16   7  12   6  10   4   7 109   9   0   5   6   9   8   3   8   3   9 378  24   6   6
   5   6   6  12  18  11  13   9  12   7  11  96  11   5   0   7  10   9   5   9   4  11 380  26   7   7
   7   7   8  14  19  11  15  11  13   9  12  98  13   6   7   0  11  10   5  10   5  11 380  26   8   8
  10  10  11  16  24  15  17  13  16  12  15  86  14   9  10  11   0  11   6  11   6  13 381  27   9   9
   8   9   9  14  20  13  17  12  17  11  14  92  13   8   9  10  11   0   5  10   6  11 380  27   9   9
   4   4   5  12  18   9  11   8  10   6  10  87  10   3   5   5   6   5   0   8   4  10 379  25   7   7
   8   9   9  14  21  12  16  13  16  11  13 107  13   8   9  10  11  10   8   0   5  12 381  26   9   8
   4   4   5  11  16   9  11   7  10   7   8  87   9   3   4   5   6   6   4   5   0  10 379  25   7   7
  10  11  11  17  22  15  18  14  16  12  16  93  16   9  11  11  13  11  10  12  10   0 381  27   9  10
 379 379 380 387 392 384 389 383 385 381 384 470 384 378 380 380 381 380 379 381 379 381   0 175 169 169
  25  25  26  33  35  30  32  28  32  27  31 131  30  24  26  26  27  27  25  26  25  27 175   0  14  15
   7   7   8  13  21  12  17  11  13   9  12  83  12   6   7   8   9   9   7   9   7   9 169  14   0   8
   7   8   8  15  17  12  16  11  15   9  11  90  12   6   7   8   9   9   7   8   7  10 169  15   8   0
RETURN_RATE_SECTION
0
   0  16  16   7  11   8   7  11   7   8   8  12  11  18  18  18  19   9  14  15  12   8  17  19  10   9
  12   0  18  11  17  11  12  14  13  10  12  19  16  21  23  24  24  12  19  22  19  10  19  21  14  16
  12  18   0  11  15  11  13  18  11  14  14  17  13  21  25  21  22  15  17  19  15  14  24  22  15  12
   7  16  15   0  11   9   8  12   9   9   8  13  12  18  19  19  19   8  14  16  13   9  17  20  12  11
   8  18  18  11   0  11  10  12   9   9  11  13  14  20  22  21  19   9  16  16  15  10  18  21  12  11
   7  16  16   9  12   0   8  12   8  10   9  12  11  20  19  18  19   8  14  16  14   8  18  20  12   9
   8  17  16   9  12  10   0  11  10  10   8  12  11  19  18  18  18   8  14  15  13   9  17  19  11   9
   8  18  18  11  13   9  10   0  10  11  12  14  12  21  21  22  20  10  17  19  16   9  20  21  14  12
   8  17  16   9  11   9   9  11   0   9   8  14  12  20  18  19  19   9  14  17  13   9  17  18  11  11
   7  17  16   8  11   9   9  12  10   0   8  13  11  18  18  20  18  10  14  16  13   8  17  20  11   9
   6  15  16   8  12  10   8  12   8   9   0  14  12  18  18  20  20   9  16  17  13   8  17  19  11   9
  11  18  17   9  15  12  12  13  12  13  12   0  13  22  22  20  21   9  15  19  16  11  22  22  15  12
   9  18  18   9  12   9   9  13  10  11  11  14   0  20  21  20  20   9  15  18  13  11  19  19  14  13
  13  22  22  12  17  12  12  14  14  12  15  20  15   0  26  25  22  16  19  24  16  15  23  26  18  17
  14  21  21  14  17  17  16  16  13  13  13  20  15  26   0  25  24  11  19  24  20  11  22  25  17  14
  12  23  22  12  16  13  14  17  11  17  11  21  14  23  26   0  25  12  23  21  21  13  24  23  15  15
  12  21  22  14  15  15  14  16  13  12  11  19  16  23  26  23   0  14  21  23  19  11  24  26  20  16
   7  15  15   9  11   8   9  12   8   9   9  14  12  20  18  19  18   0  14  16  14  10  18  18  12  11
  12  19  21  10  14  10  11  13  10  10  11  14  13  23  20  22  23  10   0  19  14  10  22  24  14  13
  11  20  19  13  13  10  11  15  12  11  14  19  13  24  23  23  25  13  19   0  18  11  22  23  13  12
   8  18  18  10  16  12  10  14  11  12  12  14  13  20  22  20  21  10  16  19   0  12  18  22  13  12
   8  15  15   8  12   8   8  11   9   9   8  12  11  19  18  20  18   8  15  16  13   0  18  18  11  11
  10  18  21  12  19  16  11  15  16  16  12  19  14  23  24  25  22  13  17  20  19  12   0  23  17  16
  12  20  23  15  15  12  15  19  16  12  12  20  14  23  25  23  23  17  20  21  16  15  24   0  18  17
   9  18  17  10  13   9   9  12  10   9  12  15  14  20  19  21  21  10  15  19  15   9  18  20   0  12
   7  16  17  10  13  10   9  13   9  10  10  13  12  19  19  19  21   9  15  17  14   9  18  20  13   0
1
   0  13   7  16  10  11  20  14  19  11  16  18  15  14  13  11  15   7  16  19  19  20   7  12  14   9
  13   0   9  17  10  10  19  18  20  13  17  20  18  16  16  12  15   9  16  20  21  19   9  14  12   9
   9  10   0  14   8   9  18  13  19  10  16  17  15  12  12   8  13   6  14  17  18  19   7  11  12   6
  12  15  12   0  14  13  22  20  24  13  17  19  19  16  16  10  18  10  16  21  22  23  10  14  15   8
  10  13   6  16   0   9  19  14  20  11  15  17  15  12  12   9  13   8  15  17  19  20   7  11  11   7
  11  13   9  17  10   0  20  15  19  11  17  20  16  14  13   9  13   8  16  18  21  20   9  13  12   9
  15  18  12  21  13  17   0  21  23  16  21  24  22  17  16  15  18  12  19  25  25  24  13  18  15  11
  12  16  12  16  12  12  23   0  23  13  21  23  17  15  16  13  15   9  19  21  21  21   9  13  15  10
  17  19  10  23  14  13  23  20   0  15  24  26  23  20  21  12  20  15  23  23  26  25  12  16  16  13
  11  12   7  16   9  10  21  16  19   0  16  18  15  13  13   9  13   7  16  17  21  21   9  12  12   7
  15  17   9  17  14  16  22  17  21  16   0  23  17  16  15  12  18   9  19  23  23  24  11  13  18   9
  13  15  10  20  12  12  21  18  22  16  21   0  20  16  19  14  20  14  17  22  24  24  13  17  17  12
  14  15   8  16  12  12  23  17  23  11  18  21   0  14  16  10  17  10  19  19  23  24  11  17  16  11
  14  12  10  15   9  13  22  17  21  12  19  22  19   0  14   9  17   8  18  18  22  21  10  13  13   8
  13  12   8  15  11  13  21  15  22  13  19  18  18  16   0  11  17  11  17  19  20  21   8  13  15  11
   9  13   8  15   9  11  19  15  18   9  16  17  15  14  12   0  13   7  15  17  19  18   8  12  11   8
  11  12   8  17  10  13  20  15  22  13  17  19  15  14  14   9   0  11  18  20  23  22  11  12  15  11
   9  11   6  14   7  10  19  14  19   9  15  17  14  12  12   7  13   0  14  17  19  18   6  10  10   7
  15  15  10  18  10  12  22  16  24  13  19  20  18  17  16  12  14  10   0  21  20  20  10  14  15  11
  13  17  11  18  16  15  21  20  22  13  23  20  18  16  17  15  16  11  17   0  25  24  13  18  14   9
  17  15  15  17  12  13  24  19  22  17  23  24  23  19  17  13  18  14  20  20   0  23  10  17  15  15
  13  16  13  18  16  15  24  21  23  13  22  23  19  18  17  13  17  14  18  21  26   0  12  16  15  14
   9  10   6  13   7   9  18  15  18   9  15  16  14  13  12   8  12   7  13  17  18  18   0  11  11   6
  13  14   9  15  10  12  22  17  20  13  16  20  16  14  15   9  15   8  15  19  21  21   8   0  12   9
  10  13   7  17  12  12  22  15  22  13  18  18  16  16  15   9  16   7  16  19  21  19  10  15   0   9
   9  11   6  14   8  10  18  14  18   9  16  16  14  12  13   8  12   6  13  16  18  18   6  10  10   0
2
   0  10  17   8  20  21  11  12  18   9  12  16  14  18  20  11  10  20  10  10  15  21  18  11  20  22
  11   0  15   6  18  18  10  11  17   6   9  12  13  17  19   8   8  17   8   7  14  19  16  10  18  20
  16  12   0  12  19  23  12  12  22  10  13  15  15  19  24  13  13  24  11  13  15  22  22  12  24  22
  11   8  15   0  16  16   9  10  16   6   9  12  12  17  18   8   8  18   6   6  13  18  16   9  19  18
  16  11  18  11   0  23  16  13  21  11  15  19  19  20  23  14  15  20  10  12  16  25  21  16  24  22
  17  11  22  13  25   0  17  15  21  12  14  18  15  20  23  11  15  20  10  13  19  24  21  13  26  24
  13  10  16   7  20  18   0  11  17   8  10  14  13  17  19   9  10  18   7   7  15  21  17  12  19  20
  12  10  17   8  19  19  10   0  18   9  10  14  14  18  20  10  11  18   7   7  13  19  17  10  20  19
  17  12  19  12  21  22  16  13   0  14  13  19  20  20  22  14  12  25  10  10  16  22  19  13  26  25
  11   7  16   6  17  17   9  10  16   0   9  12  12  17  18   8   9  17   6   6  12  19  15  10  18  18
  13  10  16   7  18  18  10  10  18   8   0  15  13  19  19  11   9  18   8   7  13  20  18  12  20  19
  16  10  20  11  22  19  11  13  22   9  13   0  17  21  21  12  11  22   9   9  15  22  17  11  22  20
  15  10  17  11  22  19  13  11  18  10  11  15   0  22  20  11  13  20   8   8  15  21  19  13  20  22
  15  11  21  13  21  21  14  13  23  13  13  16  19   0  25  11  15  23  11  14  19  24  21  16  25  25
  17  14  23  11  21  24  13  13  22  12  14  18  17  22   0  17  15  26  12  10  16  22  22  16  23  27
  11   8  15   6  17  18  11  10  17   7  11  12  12  17  19   0   9  18   7   8  12  19  15  10  18  20
  11   8  17   6  18  17   9  11  18   6  10  14  13  17  18   8   0  17   7   7  13  18  17  11  20  18
  17  11  23  13  25  24  13  14  23  10  16  17  18  23  24  15  11   0  10  13  16  21  19  17  22  22
  10   7  16   6  18  17   9   9  17   7   9  12  12  17  18   8   9  17   0   6  12  18  16   9  19  18
  10   9  15   6  17  16   9   9  17   6   9  13  13  16  18   7   9  18   7   0  13  18  15  10  18  18
  14  10  18  10  18  18  11  11  22  11  13  15  14  22  20  10  13  19  10   8   0  20  18  13  20  21
  18  14  23  11  22  23  14  17  23  13  16  18  19  21  22  14  15  22  14  15  21   0  21  14  27  22
  13  10  21  11  21  23  15  12  20  10  13  18  17  20  22  13  12  24  12  13  19  22   0  14  22  24
  11   9  17   7  18  17  12  10  19   7  10  13  13  18  20   9  10  19   8   7  13  19  16   0  19  19
  20  14  23  10  26  24  17  16  21  10  14  21  16  21  22  12  14  26  13  14  21  26  23  14   0  26
  14  13  24  13  24  26  13  13  25  14  16  20  16  23  23  11  16  22  10  11  16  23  23  14  23   0
BONUS_SATISFACTION_SECTION 
   1  61  62  42   9  61  89  85   3  25   9  30  33  24   2  18  70  11  58  66  53  36  66  59  36  85
EOF