NAME : Brasil16n
TYPE : CaRS
COMMENT : Instances for the CaRS Problem (Asconavieta & Goldbarg)
DIMENSION : 16
CARS_NUMBER : 5
EDGE_WEIGHT_TYPE : EXPLICIT
EDGE_WEIGHT_FORMAT : FULL_MATRIX
EDGE_WEIGHT_SECTION
0
   0 354 302 342 250 252 315 311 244 305 275  45 280  53 277  38
 354   0 403 444 363 365 449 461 392 432 400 192 418 178 379 162
 302 403   0 436 363 365 417 407 357 401 399 129 385 148 390 141
 342 444 436   0 370 382 411 455 342 449 374 165 423 152 397 157
 250 363 363 370   0 343 412 396 312 375 343 144 381 137 368 120
 252 365 365 382 343   0 397 413 336 399 375 113 373 138 353 121
 315 449 417 411 412 397   0 412 353 406 364 163 380 152 366 136
 311 461 407 455 396 413 412   0 373 396 394 143 390 142 406 126
 244 392 357 342 312 336 353 373   0 396 341 126 363 119 343 133
 305 432 401 449 375 399 406 396 396   0 392 170 378 160 403 153
 275 400 399 374 343 375 364 394 341 392   0 129 393 147 371 122
  45 192 129 165 144 113 163 143 126 170 129   0 284  54 279  39
 280 418 385 423 381 373 380 390 363 378 393 284   0 167 373 124
  53 178 148 152 137 138 152 142 119 160 147  54 167   0 283  45
 277 379 390 397 368 353 366 406 343 403 371 279 373 283   0 122
  38 162 141 157 120 121 136 126 133 153 122  39 124  45 122   0
1
   0 342 469 189 456 451 397 399 174 193 135 372 141 348 162 390
 342   0 456 149 429 406 376 348 118 143 142 348 106 313 114 379
 469 456   0 214 480 453 388 402 199 174 169 375 187 349 142 402
 189 149 214   0 365 345 298 278  57  66  53 260  45 255  45 297
 456 429 480 365   0 475 432 367 164 196 168 396 175 348 175 401
 451 406 453 345 475   0 382 373 158 167 184 367 157 375 146 417
 397 376 388 298 432 382   0 344 157 175 122 328 136 352 127 385
 399 348 402 278 367 373 344   0 148 149 141 338 145 343 128 385
 174 118 199  57 164 158 157 148   0  61  49 255  41 250  41 291
 193 143 174  66 196 167 175 149  61   0  49 257  49 254  49 295
 135 142 169  53 168 184 122 141  49  49   0 248  37 244  41 287
 372 348 375 260 396 367 328 338 255 257 248   0 137 320 137 370
 141 106 187  45 175 157 136 145  41  49  37 137   0 243  38 288
 348 313 349 255 348 375 352 343 250 254 244 320 243   0 112 354
 162 114 142  45 175 146 127 128  41  49  41 137  38 112   0 287
 390 379 402 297 401 417 385 385 291 295 287 370 288 354 287   0
2
   0 267  46  63  48 298  55 354  48 263  69 319 290 355 266 242
 267   0 150 145 152 372 142 431 152 339 146 385 376 459 337 330
  46 150   0  60  49 292  56 352  49 259  69 314 287 353 264 241
  63 145  60   0  51 297  62 358  55 266  74 320 291 358 272 246
  48 152  49  51   0 293  54 350  50 260  67 315 288 356 265 244
 298 372 292 297 293   0 144 441 128 359 166 432 397 454 356 323
  55 142  56  62  54 144   0 354  54 261  69 321 290 357 273 247
 354 431 352 358 350 441 354   0 170 394 167 459 400 477 366 342
  48 152  49  55  50 128  54 170   0 259  68 315 287 353 266 245
 263 339 259 266 260 359 261 394 259   0 161 384 383 432 336 344
  69 146  69  74  67 166  69 167  68 161   0 323 301 360 271 251
 319 385 314 320 315 432 321 459 315 384 323   0 396 482 374 340
 290 376 287 291 288 397 290 400 287 383 301 396   0 461 345 330
 355 459 353 358 356 454 357 477 353 432 360 482 461   0 413 377
 266 337 264 272 265 356 273 366 266 336 271 374 345 413   0 339
 242 330 241 246 244 323 247 342 245 344 251 340 330 377 339   0
3
   0 414 352 339 367 115 397 127 388 140 115 140 148 414 437 118
 414   0 422 357 378 174 474 178 432 165 192 186 189 472 451 174
 352 422   0 372 358 138 446 152 396 149 155 140 182 446 419 167
 339 357 372   0 351 122 436 151 404 148 146 148 156 412 420 132
 367 378 358 351   0 138 428 152 379 140 137 122 155 446 428 131
 115 174 138 122 138   0 333  48 304  47  52  44  68 344 343  54
 397 474 446 436 428 333   0 153 439 150 167 182 196 447 437 181
 127 178 152 151 152  48 153   0 305  49  53  48  71 343 343  56
 388 432 396 404 379 304 439 305   0 129 135 158 163 455 426 167
 140 165 149 148 140  47 150  49 129   0  52  47  70 342 343  57
 115 192 155 146 137  52 167  53 135  52   0  49  73 348 346  57
 140 186 140 148 122  44 182  48 158  47  49   0  69 343 344  53
 148 189 182 156 155  68 196  71 163  70  73  69   0 349 354  68
 414 472 446 412 446 344 447 343 455 342 348 343 349   0 451 152
 437 451 419 420 428 343 437 343 426 343 346 344 354 451   0 184
 118 174 167 132 131  54 181  56 167  57  57  53  68 152 184   0
4
   0  54 267  52 360  67 243  61 318 298 348 315  54 324  67  64
  54   0 266  50 355  64 245  59 316 300 345 316  53 321  65  58
 267 266   0 128 426 149 330 163 391 374 414 416 123 417 169 137
  52  50 128   0 356  64 242  59 314 294 346 315  53 323  63  61
 360 355 426 356   0 184 377 181 412 441 489 435 175 467 199 181
  67  64 149  64 184   0 247  62 320 304 350 320  56 326  68  65
 243 245 330 242 377 247   0 136 390 358 414 397 146 414 142 121
  61  59 163  59 181  62 136   0 319 297 346 319  59 328  66  63
 318 316 391 314 412 320 390 319   0 381 439 417 168 436 150 164
 298 300 374 294 441 304 358 297 381   0 424 420 151 429 173 139
 348 345 414 346 489 350 414 346 439 424   0 441 160 439 183 177
 315 316 416 315 435 320 397 319 417 420 441   0 138 446 160 154
  54  53 123  53 175  56 146  59 168 151 160 138   0 323  66  60
 324 321 417 323 467 326 414 328 436 429 439 446 323   0 153 178
  67  65 169  63 199  68 142  66 150 173 183 160  66 153   0  68
  64  58 137  61 181  65 121  63 164 139 177 154  60 178  68   0
RETURN_RATE_SECTION
0
   0 151 118 159 116 117 138  96 144  88 115 123 128 142 157 146
 169   0 128 139 118  84 121  69 121  97  94  99 134 145 127 120
 163 114   0 150 106  79  99  84 120  94  87 104 106 136 117  93
 152 137 134   0 116 106 101  75 137 115  83 139 132 173 143 109
 148 119 109 134   0  71 100  60 107  75  83  91  99 123 109 100
 141 117  97 125  84   0  85  69 112  62  65  94 105 129 107  93
 156 128  96 134  97  89   0  67 121  71  71 107 108 129 119  95
 136 103  86 134  84  74  86   0  99  68  62  86  94 126 106  82
 170 117 121 164  86  92  89  72   0  84  93 107 133 152 137 110
 140 116  99 128  81  77  92  59  98   0  77  83  99 131 107  93
 135 121  96 137  75  71  92  70  98  65   0  87 101 131 107  87
 141 131 100 149 102  76  96  65 119  70  79   0 115 140 130  93
 144 129 121 135  94  92 108  88 126  95  98  92   0 131 130 102
 172 123 122 176 115 101  95  89 142  90 113 112 141   0 142 125
 159 122 131 141  99  95  93  89 117  90  87 116 125 150   0 107
 152 124  97 155  88  75  89  71 126  85  87  91 103 141 129   0
1
   0 109 127  82 125  82  55 138 125 116  96  52  60 128 130  46
  90   0 150 108 164 101  84 148 141 147 112  91  73 151 168  82
  91 167   0  95 167 130  99 184 140 147 148  72  80 172 148  75
  77 114 129   0 138  88  76 140 138 131 110  51  72 149 136  57
  79 136 172 128   0 119  72 167 138 160 110  94  92 170 150  98
  61 126 136  90 127   0  58 135 139 127  94  47  63 152 131  49
  56 118 124  71 123  75   0 133 120 120  95  53  58 126 130  50
  77 142 172 106 160 119  89   0 140 159 130  65  84 165 142  98
 109 142 164 120 156 122  78 169   0 162 112  63  98 172 146  80
 104 134 156  98 141  97  84 157 143   0 108  62  96 150 161  65
  70 134 152  90 145  82  82 153 128 135   0  66  58 144 135  66
  51 107 126  74 120  73  54 126 117 116  90   0  49 124 122  43
  52 114 126  71 119  79  54 124 122 115  92  43   0 127 121  48
 116 132 162 134 177  98  90 175 168 153 143  74 109   0 173  70
  93 154 148  97 164 105  90 159 173 160 117  84  95 166   0  98
  51 105 127  77 118  75  55 127 119 114  93  38  45 130 119   0
2
   0  95 103  52  65  67 123  50  79  83 144 117 139 103 107  95
  89   0 110  50  50  79 116  64  91 100 147 104 132 113 118  88
  79  99   0  66  69  75 133  68  96 102 140 131 151 122 126  88
  67  77  83   0  45  55 106  40  69  75 119  95 117  93 105  80
  75  75  80  46   0  58 107  43  72  83 128  96 125  88  99  74
  73  76  89  45  54   0 111  55  82  87 136 106 130  93 103  79
  87  92 120  66  62  89   0  66  98  92 168 119 150 134 118  99
  65  77  84  46  47  54 102   0  68  78 121  97 116  92 101  74
  82  94 102  47  60  65 118  49   0  91 130 112 127 104 120  83
  76  95  91  55  57  76 111  51  82   0 136 111 129  99 126  91
 121 122 110  65  95  81 150  65 111 106   0 120 153 129 143 111
  86 104 104  78  72  84 141  64 113 110 140   0 134 108 138  95
 122 106 120  92  90 112 152  71 124 126 166 144   0 113 148 103
  84  96 101  57  63  78 122  54 103  91 148 120 150   0 119 116
  93  89 120  75  71  86 123  69  95 119 144 116 147 137   0 117
  98 100 104  50  64  79 129  50  84  86 139 124 136 118 129   0
3
   0  83  72  45 121 122  67  54  79  87 104  77 108  85  75  89
  54   0  98  82 131 154  88  68 104 103 127  96 133 116 109 116
  62 100   0  67 140 144  90  63  94  99 117  82 126 106  83 102
  41  92  79   0 120 131  72  56  89  87 109  72 109  89  74  83
  97 137 113  79   0 169  93  81 127 140 124 113 158 107 105 121
 101 133 102  74 170   0 110  99 116 117 144 116 158 113 134 120
  51 109  76  52 135 139   0  67  94  98 111  78 112 108  99  91
  54  98  71  56 126 126  78   0  87  90 109  84 112  95  78  86
  57 100  81  55 140 146  99  61   0 101 124 105 137 103  85  99
  78 111 100  84 157 163  79  87  95   0 121  90 122 123 111 115
  86 123 110  86 150 162  89  83 114 135   0  95 132 125 116 107
  70 107  91  60 140 146  89  74 107 108 128   0 124  92  98  92
  64 117 107  73 156 175 104  76 102 117 151  97   0 103 100 135
  61 104  83  81 149 153  99  87 115 122 114  93 140   0 111 105
  69 107  82  75 133 154  75  66  99 103 130  89 130 105   0  99
  75 116  85  81 147 158  82  82 105 122 117  84 125 120 103   0
4
   0 123 103 127 118 155  62  77 107 121  76 128  92  81  98 107
 129   0 108 142 149 159  90 102 129 148 103 142  79  99 131 115
 103 145   0 139 130 141  69  73 114 119  74 114  80  84 108  98
 137 140 110   0 141 160  75 104 121 127 101 130 107  87 110  98
 128 130 106 151   0 147  92 101 108 120  83 120  75 107 121  97
 137 145 104 163 133   0  76  86 120 132 108 136 100  85 136 122
  90 120  92 108 108 126   0  63  94  99  56 104  62  74  86  88
  88 113  95 119 113 126  60   0  86 104  52 107  71  71  89  89
 106 127 106 121 131 146  68  78   0 127  65 105  88  73  94  98
 109 151  99 134 133 136  92  95 125   0  65 109  92  82 107 110
  88 124  86 113 108 123  53  62  94  96   0  98  68  71  81  83
 107 130 119 122 113 133  77  83 104 124  66   0  96  83 114 111
 102 122  95 125 111 129  62  62  90  99  59  99   0  74  83  84
  94 120  98 124 105 131  70  74  88 115  62 105  66   0  97  84
 119 140 115 132 119 141  60  71  95 119  69 125  68  88   0 109
 108 129 106 137 120 128  79  69 105 108  68 121  67  75 108   0
BONUS_SATISFACTION_SECTION 
  79   9  64   3   4   9  48  96  34  81  82  49   2  31  80  76
EOF