NAME : Chade12n
TYPE : CaRS
COMMENT : Instances for the CaRS Problem (Asconavieta & Goldbarg)
DIMENSION : 12
CARS_NUMBER : 4
EDGE_WEIGHT_TYPE : EXPLICIT
EDGE_WEIGHT_FORMAT : FULL_MATRIX
EDGE_WEIGHT_SECTION
0
   0 165 480 156 357 363 387 187 154 166 165 178
 165   0 359  46 268 256 291  60  46  56  67  49
 480 359   0 158 368 376 433 202 145 202 200 193
 156  46 158   0 266 253 286  56  44  56  61  44
 357 268 368 266   0 348 391 160 114 151 160 117
 363 256 376 253 348   0 376 121 141 137 130 128
 387 291 433 286 391 376   0 160 157 169 160 160
 187  60 202  56 160 121 160   0  44  58  67  49
 154  46 145  44 114 141 157  44   0  53  63  45
 166  56 202  56 151 137 169  58  53   0  67  52
 165  67 200  61 160 130 160  67  63  67   0  51
 178  49 193  44 117 128 160  49  45  52  51   0
1
   0  70  56 316 310  62 319  76  52  59 323 256
  70   0  58 312 312  64 318  75  48  54 329 262
  56  58   0 308 304  58 312  69  43  54 320 255
 316 312 308   0 400 179 426 155 138 175 406 377
 310 312 304 400   0 149 425 183 137 154 434 376
  62  64  58 179 149   0 313  75  48  57 324 256
 319 318 312 426 425 313   0 186 169 176 446 339
  76  75  69 155 183  75 186   0  50  62 334 266
  52  48  43 138 137  48 169  50   0  50 321 253
  59  54  54 175 154  57 176  62  50   0 322 253
 323 329 320 406 434 324 446 334 321 322   0 363
 256 262 255 377 376 256 339 266 253 253 363   0
2
   0 418 154 129 130 344 114 155 429 360 407 432
 418   0 198 178 153 385 166 171 456 392 413 448
 154 198   0  70  51 271  47  59 331 286 312 334
 129 178  70   0  46 267  41  58 328 289 304 334
 130 153  51  46   0 263  32  50 324 280 300 326
 344 385 271 267 263   0 140 121 429 386 398 399
 114 166  47  41  32 140   0  45 319 277 299 322
 155 171  59  58  50 121  45   0 325 284 302 331
 429 456 331 328 324 429 319 325   0 372 424 439
 360 392 286 289 280 386 277 284 372   0 387 404
 407 413 312 304 300 398 299 302 424 387   0 440
 432 448 334 334 326 399 322 331 439 404 440   0
3
   0  60 255  67  60 341  51 358  64 315 267  59
  60   0 251  70  56 346  52 358  59 313 268  64
 255 251   0 145 144 421 121 449 155 393 340 139
  67  70 145   0  64 349  56 361  67 318 277  67
  60  56 144  64   0 345  51 355  59 315 267  60
 341 346 421 349 345   0 187 491 197 418 373 164
  51  52 121  56  51 187   0 351  56 310 266  61
 358 358 449 361 355 491 351   0 203 456 400 169
  64  59 155  67  59 197  56 203   0 313 272  61
 315 313 393 318 315 418 310 456 313   0 353 164
 267 268 340 277 267 373 266 400 272 353   0 163
  59  64 139  67  60 164  61 169  61 164 163   0
RETURN_RATE_SECTION
0
   0 117  87 133 103  61  81  81  72 128 110  72
 108   0  94 126 119  79  91 103  90 160 114 100
  89 121   0 120 112  57  80  86  80 120 113  65
  98 147 100   0 141  89  84  81  89 138 142  78
  89 127  82 141   0  77  79  90  74 151 126  89
  77 103  75 107  93   0  66  63  60 116  91  64
  93 106  83 114 110  54   0  67  63 118 109  74
  79 118  75 127 110  49  80   0  73 123 106  63
  88 106  72 112 100  50  73  72   0 121 108  64
 116 133 105 142 114  75  99  93  98   0 131 103
  86 129 107 148 117  60  80  96  73 149   0  93
  80 119  81 127 105  59  69  75  69 119 102   0
1
   0 113  77 115  93 112 105 113 143 123 113 122
 113   0  62  76  79  74 109  80 131 107  91 102
 104  69   0  74  73  75  89  66 109 103  81  78
 120  90  52   0  93  79  99  79 120 121 102  99
 131  76  61  75   0  82  94  81 122 117  88 101
 131  94  50  86  84   0 103  79 117 114  89 101
 126  88  69  84 102  94   0  78 134 120 118 107
 130  78  55  86  78  84 105   0 125 108 103  98
 147  88  61  98 101 111 107 100   0 141 112 121
 141 101  86  96  96 102 103 110 125   0 116 119
 126  82  69  92  90 101 117  79 136 113   0 100
 123  85  60  84  91  97 117  76 137 132 113   0
2
   0  72  76 103  61 102  47 104  92  73 114  85
  66   0  89 111  76 119  55 116  97  86 127  84
  53  86   0 112  79 128  68 114 108  85 134  83
  89 112 108   0 103 139  89 140 130  94 154  93
  53  86  80 110   0 117  50 104  89  71 123  80
  86 117  92 119  87   0  80 137 126 102 129  92
  53  72  74 109  67 112   0 106  89  71 117  81
  73  90  97 142  89 140  70   0 116  90 140 106
  56  89 107 115  71 135  61 124   0 102 122  98
  70  91  91 127  74 114  65 122  92   0 113  98
  73  96  97 130  84 135  86 150 117 118   0 107
  72  90  97 125  79 130  73 116 108  97 130   0
3
   0 142  88  75  85 143 111 110  97  79  86 117
 127   0  97  69  91 149 122  93  85  79  80 120
 109 105   0  58  69 121  95  83  79  52  52  97
 108 112  65   0  67 112  83  80  72  48  45  91
 103 112  71  67   0 109  94  79  69  62  57 106
 148 129  84  71  93   0 119 116  81  84  74 107
 132 109  67  62  81 129   0  89  73  60  58 107
 125 108  68  78  83 134  99   0  76  70  74 113
 115 121  70  64  68 115  98  98   0  66  65 110
  99 102  57  60  57 115  79  86  75   0  43  99
 102  97  62  57  64 109  86  83  62  47   0  92
 130 138  80  80  70 119 108  97  84  74  69   0
BONUS_SATISFACTION_SECTION 
  86  55  83  25  60  95  55  92  59  86  80  38
EOF