NAME : China17n
TYPE : CaRS
COMMENT : Instances for the CaRS Problem (Asconavieta & Goldbarg)
DIMENSION : 17
CARS_NUMBER : 3
EDGE_WEIGHT_TYPE : EXPLICIT
EDGE_WEIGHT_FORMAT : FULL_MATRIX
EDGE_WEIGHT_SECTION
0
   0 149 160 158 109 126 166 155 114 140 127 157 413 118 416 128 155
 149   0  56  63  43  40  65  53  46  45  61  55 312  49 325  50  53
 160  56   0  71  43  47  71  59  50  51  61  60 316  55 324  52  59
 158  63  71   0  45  47  71  57  50  55  68  65 318  59 329  61  60
 109  43  43  45   0  36  62  53  43  43  55  52 307  45 319  48  53
 126  40  47  47  36   0  60  50  40  45  54  51 310  46 321  49  51
 166  65  71  71  62  60   0  62  53  50  65  62 318  56 332  56  64
 155  53  59  57  53  50  62   0  45  50  59  56 317  53 323  53  54
 114  46  50  50  43  40  53  45   0  43  56  54 312  47 321  51  51
 140  45  51  55  43  45  50  50  43   0  57  55 312  50 323  48  52
 127  61  61  68  55  54  65  59  56  57   0  61 316  54 328  58  55
 157  55  60  65  52  51  62  56  54  55  61   0 318  51 327  55  54
 413 312 316 318 307 310 318 317 312 312 316 318   0 145 448 176 179
 118  49  55  59  45  46  56  53  47  50  54  51 145   0 321  54  53
 416 325 324 329 319 321 332 323 321 323 328 327 448 321   0 161 143
 128  50  52  61  48  49  56  53  51  48  58  55 176  54 161   0  54
 155  53  59  60  53  51  64  54  51  52  55  54 179  53 143  54   0
1
   0 286  71 317  51  68 261 295  59  53  53  68  55 320  57  39 361
 286   0 163 419 164 151 356 380 142 146 146 178 149 431 151 154 463
  71 163   0 319  62  76 267 303  65  57  57  74  60 324  63  50 366
 317 419 319   0 138 181 388 421 182 148 168 171 171 425 172 167 485
  51 164  62 138   0  63 260 293  58  52  51  64  55 320  54  40 358
  68 151  76 181  63   0 271 300  62  57  56  74  64 323  59  45 362
 261 356 267 388 260 271   0 387 157 128 136 133 147 395 124 134 460
 295 380 303 421 293 300 387   0 154 131 149 172 171 416 172 148 457
  59 142  65 182  58  62 157 154   0  52  51  67  54 322  56  42 360
  53 146  57 148  52  57 128 131  52   0  50  66  53 319  54  43 362
  53 146  57 168  51  56 136 149  51  50   0  64  56 320  55  40 360
  68 178  74 171  64  74 133 172  67  66  64   0  60 326  62  44 365
  55 149  60 171  55  64 147 171  54  53  56  60   0 320  59  44 358
 320 431 324 425 320 323 395 416 322 319 320 326 320   0 143 128 476
  57 151  63 172  54  59 124 172  56  54  55  62  59 143   0  41 361
  39 154  50 167  40  45 134 148  42  43  40  44  44 128  41   0 354
 361 463 366 485 358 362 460 457 360 362 360 365 358 476 361 354   0
2
   0  43  60  59  51 264  47 287  48  50  64  49  55 282 272 242  44
  43   0  55  56  43 258  44 283  44  43  63  48  53 277 269 239  39
  60  55   0  61  49 265  52 293  53  49  69  56  57 285 273 250  45
  59  56  61   0  51 265  52 288  52  53  67  52  62 287 274 248  49
  51  43  49  51   0 261  44 289  49  48  67  51  55 282 271 243  41
 264 258 265 265 261   0 148 388 141 141 158 120 157 383 340 312 120
  47  44  52  52  44 148   0 284  47  47  66  50  55 282 270 242  44
 287 283 293 288 289 388 284   0 134 125 178 164 151 386 367 347 157
  48  44  53  52  49 141  47 134   0  50  67  49  55 284 269 241  42
  50  43  49  53  48 141  47 125  50   0  67  50  53 281 274 245  43
  64  63  69  67  67 158  66 178  67  67   0  54  62 292 280 248  50
  49  48  56  52  51 120  50 164  49  50  54   0  58 282 274 242  43
  55  53  57  62  55 157  55 151  55  53  62  58   0 283 273 244  45
 282 277 285 287 282 383 282 386 284 281 292 282 283   0 374 345 146
 272 269 273 274 271 340 270 367 269 274 280 274 273 374   0 349 124
 242 239 250 248 243 312 242 347 241 245 248 242 244 345 349   0 106
  44  39  45  49  41 120  44 157  42  43  50  43  45 146 124 106   0
RETURN_RATE_SECTION
0
   0  58  81  72  57  48  70  88  62  39  82  58  49  71  57  66  32
  57   0  76  77  50  35  75  80  64  28  70  46  45  61  52  53  38
  73  60   0  72  74  50  89  90  77  36  84  55  45  71  73  72  36
  62  68  77   0  55  51  86  85  69  52  82  65  47  67  61  71  54
  61  59  75  77   0  33  66  86  66  38  78  44  44  74  51  55  38
  51  45  62  62  51   0  59  80  57  23  64  42  36  61  46  52  26
  58  60  83  73  70  49   0  87  74  35  85  66  51  84  71  72  53
  64  76  79  87  61  60  87   0  75  49  96  68  62  89  69  72  51
  57  63  74  75  62  50  81  95   0  47  74  59  48  68  63  66  44
  46  43  63  61  46  27  59  77  56   0  64  37  35  60  47  48  24
  72  57  87  73  67  59  88  90  75  46   0  60  57  72  72  65  40
  61  46  74  71  50  31  73  79  60  37  74   0  37  63  57  55  37
  49  49  70  62  49  37  69  76  59  25  70  41   0  65  47  53  28
  73  62  88  73  63  47  77  84  76  36  80  61  55   0  67  63  46
  56  46  69  75  56  41  71  85  70  28  78  51  48  72   0  63  37
  63  48  76  67  62  39  68  92  71  37  76  52  50  75  58   0  41
  46  45  66  60  48  27  63  76  52  23  66  41  36  57  44  49   0
1
   0  44  62  40  74  54  40  37  51  60  83  51  37  46  42  46  82
  47   0  53  37  65  48  30  30  42  52  74  42  33  38  38  33  76
  53  38   0  51  71  56  41  45  61  67  87  53  49  55  52  40  90
  46  33  54   0  65  53  36  33  52  53  80  46  33  39  42  36  82
  71  55  63  50   0  66  58  58  56  81  96  58  62  68  54  43  96
  61  41  61  49  73   0  44  44  52  67  88  53  39  47  39  39  83
  45  34  53  37  67  45   0  37  48  53  77  45  36  38  33  38  81
  51  33  50  37  69  50  33   0  47  54  77  39  34  38  34  35  78
  55  43  62  39  77  56  39  46   0  63  80  45  43  44  43  39  80
  56  36  63  53  83  58  48  39  62   0  91  59  40  45  42  40  85
  63  52  69  60  85  74  61  55  66  71   0  60  68  67  49  62 103
  54  38  57  40  76  57  34  36  51  60  83   0  36  51  40  34  81
  47  33  50  41  73  51  38  36  45  57  78  40   0  41  33  31  82
  55  39  59  36  70  53  36  36  46  57  77  44  40   0  44  34  82
  51  36  54  34  66  46  35  35  50  56  77  47  35  43   0  31  81
  46  32  53  38  66  45  33  34  43  54  78  39  36  39  40   0  78
  63  52  71  47  81  68  65  53  69  78 101  71  54  74  69  62   0
2
   0  74  39  46  65  63  41  63  63  48  59  77  77  81  72  59  50
  74   0  40  61  80  65  52  55  69  64  69  83  89  88  69  52  45
  55  61   0  46  53  59  28  45  44  40  45  63  72  75  54  42  32
  62  72  36   0  66  66  36  55  47  44  48  69  70  83  57  52  40
  67  82  52  59   0  67  42  64  58  48  58  69  75  90  65  58  37
  60  81  53  56  60   0  36  60  62  56  56  85  78  86  62  59  39
  50  61  35  39  56  53   0  47  47  40  45  67  72  76  56  41  29
  59  71  42  45  70  62  43   0  54  50  61  75  75  85  70  59  36
  57  70  45  48  68  59  42  59   0  44  56  72  80  79  67  57  45
  64  67  37  44  55  62  31  48  54   0  51  67  73  75  67  49  38
  63  70  35  54  60  59  32  59  50  51   0  74  74  87  64  54  39
  72  74  42  56  66  71  42  66  59  67  55   0  79  84  64  70  44
  69  84  50  55  80  78  43  77  70  67  71  84   0  94  82  68  56
  71  82  54  57  68  76  41  80  66  72  63  84  94   0  83  60  48
  69  75  51  48  66  62  48  57  50  59  65  74  89  89   0  63  53
  66  68  44  48  62  67  32  58  51  43  53  74  80  77  58   0  39
  51  60  32  41  54  56  34  50  43  45  46  61  67  76  61  49   0
BONUS_SATISFACTION_SECTION 
  23  19  96  74  64  19  26  89   9  90  79  98  92  76  22  39  21
EOF