NAME : Congo15n
TYPE : CaRS
COMMENT : Instances for the CaRS Problem (Asconavieta & Goldbarg)
DIMENSION : 15
CARS_NUMBER : 2
EDGE_WEIGHT_TYPE : EXPLICIT
EDGE_WEIGHT_FORMAT : FULL_MATRIX
EDGE_WEIGHT_SECTION
0
   0  61  55  57  51  55 318 272  35  54 293 285 266 349  69
  61   0  53  58  50  55 317 277  40  52 302 284 272 352  70
  55  53   0  51  49  54 318 271  39  52 293 283 269 349  66
  57  58  51   0  46  52 315 274  36  52 294 282 266 351  64
  51  50  49  46   0  53 315 269  34  50 292 281 265 344  62
  55  55  54  52  53   0 319 276  36  52 298 281 269 346  66
 318 317 318 315 315 319   0 398 153 156 421 369 364 463 191
 272 277 271 274 269 276 398   0 108 147 392 354 373 453 145
  35  40  39  36  34  36 153 108   0  45 290 278 261 341  61
  54  52  52  52  50  52 156 147  45   0 292 280 266 346  63
 293 302 293 294 292 298 421 392 290 292   0 362 347 454 181
 285 284 283 282 281 281 369 354 278 280 362   0 351 422 149
 266 272 269 266 265 269 364 373 261 266 347 351   0 425 152
 349 352 349 351 344 346 463 453 341 346 454 422 425   0 184
  69  70  66  64  62  66 191 145  61  63 181 149 152 184   0
1
   0 295 322 267 355 341  46  51 354 314  55  58  56  51  48
 295   0 439 373 454 439 145 169 451 395 135 138 138 129 126
 322 439   0 396 455 460 166 142 483 435 186 148 168 149 156
 267 373 396   0 451 411 125 156 456 410 159 154 129 153 150
 355 454 455 451   0 486 181 153 475 426 178 204 170 172 158
 341 439 460 411 486   0 163 158 480 432 172 164 175 155 185
  46 145 166 125 181 163   0  52 354 312  53  59  58  49  47
  51 169 142 156 153 158  52   0 354 315  56  63  61  52  49
 354 451 483 456 475 480 354 354   0 414 166 158 191 171 191
 314 395 435 410 426 432 312 315 414   0 182 165 175 146 143
  55 135 186 159 178 172  53  56 166 182   0  60  61  54  51
  58 138 148 154 204 164  59  63 158 165  60   0  63  55  48
  56 138 168 129 170 175  58  61 191 175  61  63   0  52  51
  51 129 149 153 172 155  49  52 171 146  54  55  52   0  46
  48 126 156 150 158 185  47  49 191 143  51  48  51  46   0
RETURN_RATE_SECTION
0
   0  82  98  81  85  48  79  82  52  75 102 108  56 111  67
  71   0 102  77 109  52  78  83  74  95 108 116  70 117  81
  83 112   0  90 107  58  91  93  80 108 120 129  82 114 109
  59  94 118   0  91  55  81 101  63  95 109 113  66 121  88
  67 108 116  97   0  57  94 101  82 102 106 114  60 118  97
  58  76  92  76  91   0  75  81  49  72  94 106  49 103  67
  62  85 117  92  91  48   0  86  66  84 105 125  69 114  73
  72  85 122  82  97  49  92   0  78  97 124 126  57 110  85
  55  83  98  83  95  50  72  82   0  84 103 104  60 102  72
  71  98 119  89  94  63  93  93  61   0 109 125  66 115  90
  83  90 134 101 127  56  88  90  74  99   0 118  80 139 109
  77  98 120  89 122  60 102  95  83 114 123   0  71 119  98
  59  73 105  72  93  46  71  81  57  79  95 102   0 107  78
  76  94 123 100 127  80 102  97  85 119 128 140  70   0  88
  73  92 113  76 108  59  78  86  73  79 113 115  57 115   0
1
   0  70  69  85  92 103  51 111  75  66  40  72  54 105  86
  65   0  83  99  97 113  67 117  82  92  58  79  65 133 106
  50  82   0  92  95 110  56 121  89  81  46  76  56 115  89
  58  94  89   0 115 122  62 133  88  77  67  78  66 127 118
  56 106  97 112   0 142  69 140  98  77  77 100  81 139 110
  84  91 106 132 129   0  87 141 100 108  59  94  87 139 115
  48  81  65  89  93 116   0 111  72  71  53  70  62 118  86
  65 114  81 104 116 147  95   0  99 101  77  84  83 154 102
  60  84  72  96  92 131  58 116   0  79  66  74  64 127  91
  50  89  67  99  91 117  55 110  79   0  59  82  72 126  86
  46  73  61  90  87 106  49 101  76  71   0  72  51 110  82
  53  87  73 107  91 114  57 113  89  81  50   0  62 112  90
  50  82  64  94  89 109  51 106  77  77  50  75   0 118  90
  78 100 100 120 113 139  71 131  97  83  90  88  77   0 109
  63  96  73 112  96 125  67 132 100  98  51 100  62 132   0
BONUS_SATISFACTION_SECTION 
   1  19  80  81   1  10  23  80  22  100  76  11  81  86  58
EOF