NAME : Egito9n
TYPE : CaRS
COMMENT : Instances for the CaRS Problem (Asconavieta & Goldbarg)
DIMENSION : 9
CARS_NUMBER : 4
EDGE_WEIGHT_TYPE : EXPLICIT
EDGE_WEIGHT_FORMAT : FULL_MATRIX
EDGE_WEIGHT_SECTION
0
   0 308 328  74 313 260  53 305 281
 308   0 442 189 420 375 140 384 389
 328 442   0 156 418 363 157 400 407
  74 189 156   0 318 259  57 307 289
 313 420 418 318   0 368 162 406 392
 260 375 363 259 368   0 146 368 367
  53 140 157  57 162 146   0 302 280
 305 384 400 307 406 368 302   0 388
 281 389 407 289 392 367 280 388   0
1
   0 457 174 173 445 359 169 467 348
 457   0 184 174 475 358 159 479 378
 174 184   0  58 370 260  48 350 270
 173 174  58   0 357 250  39 340 259
 445 475 370 357   0 353 189 453 385
 359 358 260 250 353   0 115 406 350
 169 159  48  39 189 115   0 336 260
 467 479 350 340 453 406 336   0 356
 348 378 270 259 385 350 260 356   0
2
   0 330  66 253  46  53 272  43 330
 330   0 196 344 157 175 403 175 419
  66 196   0 263  51  60 280  48 338
 253 344 263   0 121 152 361 110 426
  46 157  51 121   0  52 269  42 326
  53 175  60 152  52   0 276  43 328
 272 403 280 361 269 276   0 150 418
  43 175  48 110  42  43 150   0 328
 330 419 338 426 326 328 418 328   0
3
   0 164 189 152 351 174 382 216 159
 164   0  43  40 251  50 248  70  47
 189  43   0  39 248  47 246  69  47
 152  40  39   0 248  47 243  66  43
 351 251 248 248   0 148 344 167 137
 174  50  47  47 148   0 247  73  47
 382 248 246 243 344 247   0 142 112
 216  70  69  66 167  73 142   0  55
 159  47  47  43 137  47 112  55   0
RETURN_RATE_SECTION
0
   0  52 103  61  51  73  98  73  64
  47   0 104  72  55  82 110  74  65
  53  80   0  99  93 107 119  92 101
  53  62 104   0  59  81 105  77  75
  37  60 113  61   0  77 108  80  68
  49  59 126  80  61   0 127  92  71
  54  77 139  97  67 116   0  93 111
  56  63 126  68  65  80 120   0  86
  52  67 107  77  69  88 108  85   0
1
   0  87  85  66 108 118  43  94  56
  84   0  76  64 125 117  47  99  69
  76  83   0  75 106 110  61 112  59
  71  76  80   0 113 111  44  99  43
  79 105  95  93   0 129  59 126  66
 105 108  89  93 118   0  59 117  78
  58  76  66  55 100 100   0  88  44
  97  94  87  81 131 124  75   0  54
  62  76  73  58  98 103  45  88   0
2
   0  83  81 102  49  76  80  58 101
  68   0  89 123  54  98 112  65 120
  72 103   0 115  68  81  99  60 116
  77 100  93   0  77  97  98  95 121
  43  79  80 103   0  74  85  52  97
  61 107  84 111  56   0  91  67 116
  68  98  89 130  59 100   0  81 111
  55  82  74 109  56  77  90   0 100
  81 102 117 120  62  93  99  65   0
3
   0 118 110  74  89 115  51  80  58
 108   0 132 114 113 138  71 108  70
 100 119   0  79 118 131  65  83  65
  81 124 100   0  88 117  50  82  58
  93 137 117  90   0 124  78  73  83
  89 135 137 101 113   0  92 107  78
  68 114  97  72  84 109   0  67  54
  76 112 112  69  87 117  51   0  65
  74 115  97  64  87 108  53  67   0
BONUS_SATISFACTION_SECTION 
  22  82  16  68  100  47  100  40  53
EOF