NAME : Etiopia10n
TYPE : CaRS
COMMENT : Instances for the CaRS Problem (Asconavieta & Goldbarg)
DIMENSION : 10
CARS_NUMBER : 4
EDGE_WEIGHT_TYPE : EXPLICIT
EDGE_WEIGHT_FORMAT : FULL_MATRIX
EDGE_WEIGHT_SECTION
0
   0 252 268 308  52  48  68 352 351  57
 252   0 340 406 151 130 167 441 430 128
 268 340   0 388 141 137 149 431 428 151
 308 406 388   0 158 134 165 447 473 170
  52 151 141 158   0  52  71 352 354  56
  48 130 137 134  52   0  69 355 352  57
  68 167 149 165  71  69   0 358 356  64
 352 441 431 447 352 355 358   0 482 166
 351 430 428 473 354 352 356 482   0 198
  57 128 151 170  56  57  64 166 198   0
1
   0 169 179 151 168 485 409 453 155 171
 169   0  55  49  51 351 305 328  54  43
 179  55   0  44  53 346 305 327  51  42
 151  49  44   0  49 344 302 324  48  42
 168  51  53  49   0 346 303 325  51  46
 485 351 346 344 346   0 433 467 147 174
 409 305 305 302 303 433   0 437 132 145
 453 328 327 324 325 467 437   0 160 165
 155  54  51  48  51 147 132 160   0  45
 171  43  42  42  46 174 145 165  45   0
2
   0  66 309  63 290  68  46  45  63  70
  66   0 315  69 292  72  51  53  66  72
 309 315   0 156 391 149 151 128 156 191
  63  69 156   0 293  68  52  50  68  76
 290 292 391 293   0 142 133 130 157 163
  68  72 149  68 142   0  53  47  65  74
  46  51 151  52 133  53   0  41  59  65
  45  53 128  50 130  47  41   0  60  65
  63  66 156  68 157  65  59  60   0  71
  70  72 191  76 163  74  65  65  71   0
3
   0 405 163 155 439 368 165 148 198 498
 405   0 147 147 404 390 120 160 180 471
 163 147   0  39 318 282  38  55  76 373
 155 147  39   0 308 276  32  45  67 367
 439 404 318 308   0 366 143 166 166 486
 368 390 282 276 366   0 121 126 154 454
 165 120  38  32 143 121   0  48  67 365
 148 160  55  45 166 126  48   0  73 372
 198 180  76  67 166 154  67  73   0 377
 498 471 373 367 486 454 365 372 377   0
RETURN_RATE_SECTION
0
   0  87  76  95  64  39  75  78  49  59
  80   0 103 109  74  63  97 111  66  74
  69 106   0 105  71  67  90  89  64  81
  77 103 114   0  91  70 119 106  73  75
  53 102  87 113   0  50  87  86  50  71
  46  94  72 102  56   0  75  76  47  52
  53 104  79 107  67  66   0 102  63  81
  55 102  95 127  85  60  93   0  59  65
  40  93  70  97  63  41  75  78   0  56
  44  90  79  98  60  50  81  85  55   0
1
   0  93  68  96  71  66  64  73  85  58
  78   0  90 121  83 104 100  81 100  72
  56 110   0 107  75  91  86  87  97  77
  86 111  95   0  90  91  92  96  99  81
  54 104  74 115   0  86  76  86  88  69
  61 113  90 117  78   0  72  75 100  71
  52 102  81 108  84  82   0  79  85  59
  59 105  79 112  80  81  85   0 100  73
  68 105  91 128  77  85  82  94   0  80
  53 104  86  98  74  70  62  74  84   0
2
   0  72  66 103 103 101 126 102 141  93
  99   0  47  81  77  95 102  77 111  72
  92  55   0  82  63  81  92  60 103  59
 123  78  65   0  95  93 110  80 110  87
 116  71  51  84   0  98 106  73 123  83
 102  83  51 102 100   0 115  78 111  79
 115  93  54 122  89 120   0  99 130  95
  99  66  42  89  72  97 105   0 108  72
 123  93  56 113  90  97 131 105   0  80
 105  75  44  90  87  94 112  76 115   0
3
   0  96  90  86  88  62 108 140  98 108
 110   0  80  67  78  54  66 105  72 107
 108  67   0  65  91  52  88 100  76 111
 101  65  78   0  74  47  63  93  61  98
 111  71  89  69   0  64  69 106  84  99
  98  57  76  48  75   0  65  91  61  90
 113  76  81  54  89  50   0 104  76 104
 134  87 112  81  99  75  98   0  72 108
 118  70  81  61  88  57  64 105   0 103
 119  74  89  61  86  60  95 111  70   0
BONUS_SATISFACTION_SECTION 
  87  91  63  31  24  66  82  40  15  87
EOF