NAME : EUA17n
TYPE : CaRS
COMMENT : Instances for the CaRS Problem (Asconavieta & Goldbarg)
DIMENSION : 17
CARS_NUMBER : 2
EDGE_WEIGHT_TYPE : EXPLICIT
EDGE_WEIGHT_FORMAT : FULL_MATRIX
EDGE_WEIGHT_SECTION
0
   0  40  50 338  59 262  44 259  58 259  56  47  52  64 284  56  46
  40   0  38 326  53 248  39 250  44 246  49  38  41  56 273  46  39
  50  38   0 330  53 252  42 251  49 252  51  40  42  58 279  47  41
 338 326 330   0 158 346 176 346 152 365 155 146 157 161 413 175 134
  59  53  53 158   0 254  45 258  52 256  55  48  49  59 279  57  42
 262 248 252 346 254   0 132 351 116 350 150 118 133 125 353 133 108
  44  39  42 176  45 132   0 252  49 248  52  41  42  57 275  47  40
 259 250 251 346 258 351 252   0 147 350 150 126 126 156 345 133 132
  58  44  49 152  52 116  49 147   0 255  51  46  42  57 278  50  45
 259 246 252 365 256 350 248 350 255   0 142 125 125 156 368 117 139
  56  49  51 155  55 150  52 150  51 142   0  45  44  58 278  50  46
  47  38  40 146  48 118  41 126  46 125  45   0  42  57 279  49  41
  52  41  42 157  49 133  42 126  42 125  44  42   0  57 276  49  42
  64  56  58 161  59 125  57 156  57 156  58  57  57   0 283  56  47
 284 273 279 413 279 353 275 345 278 368 278 279 276 283   0 161 134
  56  46  47 175  57 133  47 133  50 117  50  49  49  56 161   0  44
  46  39  41 134  42 108  40 132  45 139  46  41  42  47 134  44   0
1
   0  61 308  50  62  48 266  51 271  71  48  62 295  48  55  56  62
  61   0 297  41  54  46 266  46 266  64  42  55 286  45  50  49  62
 308 297   0 123 146 134 381 137 353 162 125 165 405 125 128 156 140
  50  41 123   0  52  39 260  43 260  60  40  51 283  40  43  43  55
  62  54 146  52   0  48 268  47 267  62  49  60 288  46  49  51  60
  48  46 134  39  48   0 261  43 261  60  42  53 285  42  45  46  56
 266 266 381 260 268 261   0 140 348 131 146 141 372 121 149 124 152
  51  46 137  43  47  43 140   0 264  59  43  55 288  44  48  48  60
 271 266 353 260 267 261 348 264   0 147 129 125 389 121 140 140 128
  71  64 162  60  62  60 131  59 147   0  52  58 289  50  52  55  65
  48  42 125  40  49  42 146  43 129  52   0  54 285  41  46  46  58
  62  55 165  51  60  53 141  55 125  58  54   0 287  44  51  51  60
 295 286 405 283 288 285 372 288 389 289 285 287   0 139 160 142 154
  48  45 125  40  46  42 121  44 121  50  41  44 139   0  45  43  57
  55  50 128  43  49  45 149  48 140  52  46  51 160  45   0  46  59
  56  49 156  43  51  46 124  48 140  55  46  51 142  43  46   0  59
  62  62 140  55  60  56 152  60 128  65  58  60 154  57  59  59   0
RETURN_RATE_SECTION
0
   0  63  68  66  63  84  47  72  80  55  38  60  66  42  81  83  54
  70   0  63  49  61  66  42  74  60  55  36  58  50  35  70  81  47
  85  54   0  57  57  75  51  80  66  59  35  68  57  52  83  80  41
  67  48  65   0  53  69  33  71  58  53  35  49  50  31  64  78  41
  78  53  70  52   0  68  49  71  72  57  38  60  60  39  79  72  49
  82  69  74  61  71   0  41  80  67  70  35  63  63  47  71  77  48
  68  43  61  42  49  60   0  66  61  51  29  49  52  28  69  71  32
  85  65  65  59  61  73  41   0  72  60  46  74  63  47  71  84  43
  79  55  65  58  66  79  46  79   0  63  38  64  64  37  74  82  52
  76  48  59  47  64  67  47  66  64   0  30  52  54  43  77  73  37
  61  45  56  40  48  60  30  63  53  43   0  48  47  30  60  65  32
  70  56  67  48  56  69  36  66  64  53  33   0  52  41  70  75  47
  77  54  69  50  53  78  39  70  67  57  33  63   0  37  78  83  46
  63  48  54  37  47  64  29  66  57  48  28  48  46   0  61  71  33
  84  57  69  66  62  79  49  81  73  68  38  73  62  40   0  94  58
  89  71  81  63  79  81  49  83  69  60  51  70  60  46  77   0  59
  62  44  61  38  53  60  36  61  56  49  26  47  50  33  62  72   0
1
   0  39  32  28  45  39  65  44  69  27  62  32  66  55  45  56  38
  29   0  32  33  51  44  69  47  72  33  66  40  67  65  54  62  43
  24  42   0  33  54  39  70  44  72  30  66  35  66  55  48  61  42
  28  42  31   0  50  36  65  44  68  28  61  34  67  55  47  57  40
  36  54  43  32   0  48  71  50  74  44  78  44  83  70  54  71  43
  34  48  38  36  50   0  75  50  71  40  63  37  71  66  49  65  44
  55  67  42  50  78  63   0  54  95  50  85  47  94  75  63  74  53
  30  50  37  36  55  41  72   0  73  33  71  39  68  64  54  64  47
  36  60  52  43  74  48  86  56   0  45  94  48  91  78  66  91  67
  27  39  32  29  46  38  68  41  72   0  63  32  67  59  45  58  37
  43  57  44  46  58  51  81  54  90  51   0  40  93  69  57  85  60
  26  41  35  31  49  43  69  48  70  30  64   0  64  60  47  66  37
  35  58  51  46  69  51  85  64  79  43  92  51   0  84  68  79  62
  35  47  48  43  63  57  90  55  90  37  82  44  87   0  63  75  49
  39  54  40  42  61  41  81  56  75  34  68  36  73  64   0  72  45
  43  55  39  53  71  57  85  56  92  53  82  42  89  66  53   0  55
  28  47  33  32  51  40  71  50  72  37  71  32  67  60  53  64   0
BONUS_SATISFACTION_SECTION 
  33  37  74   7  49  48  87  82  47  98  77  82  83  57  69  66   9
EOF