NAME : India16n
TYPE : CaRS
COMMENT : Instances for the CaRS Problem (Asconavieta & Goldbarg)
DIMENSION : 16
CARS_NUMBER : 3
EDGE_WEIGHT_TYPE : EXPLICIT
EDGE_WEIGHT_FORMAT : FULL_MATRIX
EDGE_WEIGHT_SECTION
0
   0 321 259 274 306 277  54 318  58  45  54 248  53 324  38 312
 321   0 391 399 429 402 158 453 171 159 189 340 174 459 138 425
 259 391   0 364 378 359 152 391 155 118 127 327 139 430 116 408
 274 399 364   0 384 374 133 415 163 142 133 352 146 430 131 416
 306 429 378 384   0 396 143 446 176 164 153 345 139 413 153 439
 277 402 359 374 396   0 170 398 173 134 143 344 138 440 123 426
  54 158 152 133 143 170   0 327  67  54  65 257  55 330  44 320
 318 453 391 415 446 398 327   0 192 169 189 360 174 428 159 435
  58 171 155 163 176 173  67 192   0  52  62 259  62 334  47 319
  45 159 118 142 164 134  54 169  52   0  58 250  54 327  41 317
  54 189 127 133 153 143  65 189  62  58   0 252  61 330  46 319
 248 340 327 352 345 344 257 360 259 250 252   0 119 409 104 396
  53 174 139 146 139 138  55 174  62  54  61 119   0 333  44 320
 324 459 430 430 413 440 330 428 334 327 330 409 333   0 151 406
  38 138 116 131 153 123  44 159  47  41  46 104  44 151   0 311
 312 425 408 416 439 426 320 435 319 317 319 396 320 406 311   0
1
   0 159 162 385 153 463 165 409 136 472 358 465 459 141 366 170
 159   0  45 247  36 322  48 314  41 332 252 346 343  44 248  50
 162  45   0 245  36 325  50 316  40 333 251 347 341  44 251  52
 385 247 245   0 133 390 129 410 137 414 318 445 431 134 322 126
 153  36  36 133   0 323  47 311  38 331 248 347 338  41 247  48
 463 322 325 390 323   0 160 426 163 425 385 481 475 137 351 144
 165  48  50 129  47 160   0 317  44 333 253 349 344  49 253  57
 409 314 316 410 311 426 317   0 149 431 340 466 460 173 337 171
 136  41  40 137  38 163  44 149   0 332 252 345 340  43 248  53
 472 332 333 414 331 425 333 431 332   0 347 464 458 150 376 179
 358 252 251 318 248 385 253 340 252 347   0 439 441 121 325 128
 465 346 347 445 347 481 349 466 345 464 439   0 442 145 371 163
 459 343 341 431 338 475 344 460 340 458 441 442   0 143 379 183
 141  44  44 134  41 137  49 173  43 150 121 145 143   0 251  54
 366 248 251 322 247 351 253 337 248 376 325 371 379 251   0 151
 170  50  52 126  48 144  57 171  53 179 128 163 183  54 151   0
2
   0  68 300  53 306  66 318  44  68 262 253  44 340  46 317 248
  68   0 303  60 312  69 322  48  69 268 258  52 343  48 326 257
 300 303   0 159 414 151 426 161 145 380 371 158 455 152 395 337
  53  60 159   0 309  65 321  45  63 266 257  42 336  45 314 247
 306 312 414 309   0 155 421 127 187 366 376 153 450 147 437 331
  66  69 151  65 155   0 325  46  68 266 259  47 344  50 319 250
 318 322 426 321 421 325   0 131 162 360 382 138 425 141 423 365
  44  48 161  45 127  46 131   0  62 260 253  37 337  42 312 246
  68  69 145  63 187  68 162  62   0 266 257  49 342  48 320 252
 262 268 380 266 366 266 360 260 266   0 323 110 407 113 384 341
 253 258 371 257 376 259 382 253 257 323   0 115 427 133 397 330
  44  52 158  42 153  47 138  37  49 110 115   0 333  39 312 243
 340 343 455 336 450 344 425 337 342 407 427 333   0 170 431 374
  46  48 152  45 147  50 141  42  48 113 133  39 170   0 311 246
 317 326 395 314 437 319 423 312 320 384 397 312 431 311   0 364
 248 257 337 247 331 250 365 246 252 341 330 243 374 246 364   0
RETURN_RATE_SECTION
0
   0 124  96  67  74  92 134 132 103 128 115 101  84 144 121 100
 112   0  96  74  70  97 136 135  87 141 115 129  65 152 132 103
 107 102   0  72  63  72 131 136  96 133 128 112  84 141 114 100
  84 100  84   0  56  75 119 121  81 118 116  99  59 125 118  95
  87  93  89  69   0  69 115 108  76 111 112  89  60 123 105  81
  87 104  87  78  60   0 116 114  83 108 113  96  58 117 114  87
 113 116 110  81  97 104   0 147 119 119 128 116  69 129 147 108
 128 130 109  99  84 107 149   0  90 136 142 130  83 140 128 117
  90 114  94  76  55  76 114 119   0 111 123 109  62 132 117 106
  97 138 102 104  74  79 129 131 105   0 120 117  95 149 134 113
  99 129 105  86  83 108 135 152 105 147   0 111  86 149 128 122
 103 127  93  80  74  85 124 141 106 131 139   0  74 142 128 114
  92 102  89  68  50  70 114 116  72 113 105  89   0 115 106  88
 123 122 130  97  88  92 147 129 117 147 154 142  91   0 142 111
 112 127 100  86  69 109 127 147  91 133 130 121  77 140   0 110
  92 118 111  81  82  81 135 135 104 118 116 122  80 133 115   0
1
   0 119 119 139  98 127 139 158  95  70  92  96 145  95 139  78
 107   0 116 119  85  97 143 138  99  67  75  99 131 107 140  81
 117 104   0 127  86 103 157 157 111  65  82 118 152 106 145  73
 108 121 142   0 100 126 136 163 110  76 111 103 166 114 133  83
  99  92 116 119   0  96 124 132  70  51  72  88 139 102 130  78
 118 110 125 137  74   0 133 139  86  59  98 115 131  94 129  72
 140 133 120 152  90 144   0 144 116 100 102 132 141 134 142  96
 132 133 132 126  93 148 165   0 123  68 105 136 157 123 152 114
  99  87 121 122  85  93 126 127   0  63  72 104 124  88 117  81
  95  80 102 106  60  87 114 125  71   0  66  82 120  88 108  66
 112  96 117 124  73 107 129 128  82  48   0  92 125  92 121  70
 108  91 116 134  89  98 131 149  84  59  81   0 139  99 137  87
 124 103 124 161 106 121 149 152 114  74  93 134   0 125 157  80
 105  92 115 113  81 116 147 144  88  59  97 102 131   0 138  88
 113 122 121 135 114 120 161 151  96  76  83 119 155 114   0 103
  93  90 106 105  70 100 118 139  74  59  66  85 129  89 118   0
2
   0 118 104  46  89 112  69  74 121  40 116  77  48  66  68 111
  71   0 149  79 119 164 109 113 154  76 154 101  85  80  87 161
  84 135   0  68 123 155 116 116 137  74 140 114  89  78 110 137
  46 109 105   0  88 118  65  68 122  40 120  78  44  66  71 109
  77 121 134  66   0 147  90 102 153  75 150 102  59  80  93 140
  79 149 125  62 135   0  99 109 140  78 153  96  68  98  99 157
  66 125 117  50  99 131   0  79 136  52 127  84  58  85  90 128
  64 123 113  61  95 120  88   0 128  50 123  78  65  68  77 121
  72 135 137  64 135 160 108 112   0  95 139 123  94 111  98 150
  42 114 110  42  91 116  70  72 125   0 113  74  47  60  65 113
  95 165 132  80 137 141  96  90 175  94   0 118  93  85  93 163
  57 121 121  60 109 130  91  83 138  64 133   0  64  72  91 123
  53 110 106  42  94 118  72  68 118  44 119  74   0  71  76 114
  57 123 118  58 107 122  76  77 130  60 119  85  50   0  74 119
  68 121 126  58  97 119  88  74 125  56 123  95  65  73   0 123
  94 148 153  61 123 152 100 107 168  61 148 108  99  96  88   0
BONUS_SATISFACTION_SECTION 
  90  64  22  42  52   9  35  38  28  90  79  30  41   8  69  58
EOF