NAME : Indonesia14n
TYPE : CaRS
COMMENT : Instances for the CaRS Problem (Asconavieta & Goldbarg)
DIMENSION : 14
CARS_NUMBER : 3
EDGE_WEIGHT_TYPE : EXPLICIT
EDGE_WEIGHT_FORMAT : FULL_MATRIX
EDGE_WEIGHT_SECTION
0
   0 147 375 128 438 147 361 147 335 120 153 453 400 447
 147   0 281  52 328  48 258  46 251  35  45 354 324 354
 375 281   0 166 440 123 364 132 355 114 129 455 437 450
 128  52 166   0 331  47 266  46 253  41  48 356 326 355
 438 328 440 331   0 138 373 169 385 129 156 444 458 468
 147  48 123  47 138   0 259  44 251  39  42 352 323 356
 361 258 364 266 373 259   0 132 321 106 137 421 427 441
 147  46 132  46 169  44 132   0 252  39  43 352 327 355
 335 251 355 253 385 251 321 252   0 103 133 418 423 453
 120  35 114  41 129  39 106  39 103   0  38 347 321 351
 153  45 129  48 156  42 137  43 133  38   0 349 323 354
 453 354 455 356 444 352 421 352 418 347 349   0 458 455
 400 324 437 326 458 323 427 327 423 321 323 458   0 446
 447 354 450 355 468 356 441 355 453 351 354 455 446   0
1
   0 307  64 358 311 309 279  61 322  66  50  60  46  41
 307   0 185 482 397 394 383 163 446 169 175 163 131 135
  64 185   0 361 319 316 283  64 325  71  53  67  50  46
 358 482 361   0 447 456 414 160 469 189 198 160 182 187
 311 397 319 447   0 404 374 184 408 190 156 184 172 136
 309 394 316 456 404   0 403 163 407 159 155 182 161 164
 279 383 283 414 374 403   0 142 406 148 152 160 156 133
  61 163  64 160 184 163 142   0 325  70  52  61  52  47
 322 446 325 469 408 407 406 325   0 184 171 168 146 140
  66 169  71 189 190 159 148  70 184   0  54  63  51  49
  50 175  53 198 156 155 152  52 171  54   0  60  48  39
  60 163  67 160 184 182 160  61 168  63  60   0  51  45
  46 131  50 182 172 161 156  52 146  51  48  51   0  39
  41 135  46 187 136 164 133  47 140  49  39  45  39   0
2
   0  65  67 307  42 294  60  39  45  56 326 288  62  35
  65   0  73 311  45 297  59  44  50  57 329 292  71  44
  67  73   0 313  45 302  64  41  48  64 329 287  65  43
 307 311 313   0 152 396 167 149 166 137 408 366 154 117
  42  45  45 152   0 291  53  34  41  53 324 280  58  30
 294 297 302 396 291   0 154 126 153 134 433 382 178 142
  60  59  64 167  53 154   0  42  49  57 331 285  67  39
  39  44  41 149  34 126  42   0  40  48 320 279  58  30
  45  50  48 166  41 153  49  40   0  53 324 282  60  34
  56  57  64 137  53 134  57  48  53   0 328 283  64  34
 326 329 329 408 324 433 331 320 324 328   0 374 193 166
 288 292 287 366 280 382 285 279 282 283 374   0 138 120
  62  71  65 154  58 178  67  58  60  64 193 138   0  43
  35  44  43 117  30 142  39  30  34  34 166 120  43   0
RETURN_RATE_SECTION
0
   0  47  95 100  69  94  53  68  59 106  40  42  49 106
  41   0  97  99  75  92  61  69  57 102  45  46  52 105
  74  70   0 116 106 106  99 103  77 135  76  54  73 147
  64  79 132   0  91 119  80  83  95 123  61  69  82 120
  63  58 111 117   0  99  69  77  71 108  47  44  61 115
  58  60 110 129  85   0  92  90  86 130  70  75  76 122
  45  51 102 109  79  98   0  73  64 106  52  49  55 112
  58  58 111 115  79  99  64   0  63 117  55  51  73 123
  45  56 111 107  71 101  66  74   0 104  51  40  54 116
  85  78 136 142  97 135  83  97  79   0  58  79  92 131
  43  48  97  92  71  90  53  69  57 107   0  38  53 103
  42  47  94  92  68  87  54  72  59 107  34   0  45 101
  42  52 109 105  68  89  66  74  59 104  47  49   0 105
  64  66 121 142 115 126  93 100  73 135  67  58  69   0
1
   0  97  92  68  45 105  86 108  42  42  99  69  89  60
  89   0 115  91  80 124  93 135  85  76 134  97  93  73
  85 127   0 100  71 133  92 128  67  74 130  90 100  96
  57 106  98   0  62 123  83 123  55  59 115  85  86  62
  55  93  98  69   0 107  77 107  48  40 100  67  85  62
  96 117 117 108  87   0 110 123  77  65 141 107 122  87
  69 116 104  82  69 130   0 122  65  66 124  90  91  81
  84 129 117  85  63 129  98   0  77  71 114  86 110  73
  54 101  90  66  48 102  75 104   0  35  98  64  81  60
  52  96  91  71  47 103  75 103  39   0  96  59  79  56
  78 134 117 104  83 118 101 126  76  65   0  83  99  84
  61 100 108  73  58 120  93 107  54  54 111   0  96  61
  81 104 119  92  68 110  85 117  58  52 115  72   0  69
  63 110  95  70  51 111  81 105  51  51  97  77  92   0
2
   0  69  86  65  77  49  37  54  81  77  70  96  87  41
  51   0 103  68  85  67  52  67  87  95  81 112  94  54
  57  92   0  81  94  62  65  76 106 108 104 119 106  72
  45  78  96   0  87  62  45  70  90  92  83 113 101  59
  46  82 113  81   0  75  51  63  90  89  76 105 103  49
  49  71  89  72  83   0  40  55  84  83  68  98  91  44
  38  66  89  65  78  52   0  53  82  81  70  93  81  44
  40  75  88  67  82  54  50   0  82  78  69 106  87  53
  68  98 109  89  96  72  64  75   0  91 100 118  96  64
  62  96  99  81  97  74  65  85 104   0  87 108 104  58
  53  90  97  77  83  71  50  64  95  84   0 119  96  56
  61  88 114  93  90  71  64  97  95 111 110   0 110  77
  66  86 111  97 106  81  62  75  98 112  79 120   0  59
  37  66  90  65  76  47  38  55  82  76  65  99  84   0
BONUS_SATISFACTION_SECTION 
  59  46  29  16   4  71  71  37   3  92  78  60  39  38
EOF