NAME : Ira13n
TYPE : CaRS
COMMENT : Instances for the CaRS Problem (Asconavieta & Goldbarg)
DIMENSION : 13
CARS_NUMBER : 4
EDGE_WEIGHT_TYPE : EXPLICIT
EDGE_WEIGHT_FORMAT : FULL_MATRIX
EDGE_WEIGHT_SECTION
0
   0 266 324  51 252  51  48  55  35 275 315 323  47
 266   0 413 133 355 120 122 151 115 356 402 427 134
 324 413   0 165 351 140 162 156 126 378 415 454 137
  51 133 165   0 255  49  53  56  36 282 317 325  46
 252 355 351 255   0 130 124 144 101 358 380 403 135
  51 120 140  49 130   0  54  55  34 277 318 321  49
  48 122 162  53 124  54   0  57  36 280 315 322  49
  55 151 156  56 144  55  57   0  42 282 318 324  48
  35 115 126  36 101  34  36  42   0 271 310 317  40
 275 356 378 282 358 277 280 282 271   0 415 397 156
 315 402 415 317 380 318 315 318 310 415   0 439 173
 323 427 454 325 403 321 322 324 317 397 439   0 136
  47 134 137  46 135  49  49  48  40 156 173 136   0
1
   0 399 122 146 140 166 357 333 388 146 137 126 404
 399   0 136 153 163 172 372 345 392 151 142 167 447
 122 136   0  41  60  69 260 260 308  57  47  52 325
 146 153  41   0  61  67 258 261 308  54  45  51 321
 140 163  60  61   0  73 263 265 317  61  52  62 334
 166 172  69  67  73   0 266 273 322  67  60  62 336
 357 372 260 258 263 266   0 339 410 144 151 124 394
 333 345 260 261 265 273 339   0 386 161 143 158 428
 388 392 308 308 317 322 410 386   0 143 173 140 430
 146 151  57  54  61  67 144 161 143   0  55  60 327
 137 142  47  45  52  60 151 143 173  55   0  56 327
 126 167  52  51  62  62 124 158 140  60  56   0 326
 404 447 325 321 334 336 394 428 430 327 327 326   0
2
   0  58 276 245 243 291  53 315 309  42 315 356 357
  58   0 284 250 244 292  55 319 319  47 322 360 362
 276 284   0 348 326 372 153 389 395 115 410 459 438
 245 250 348   0 315 385 140 410 376 136 413 430 420
 243 244 326 315   0 352 115 400 390 134 381 421 418
 291 292 372 385 352   0 140 430 427 155 405 464 461
  53  55 153 140 115 140   0 319 316  45 320 358 360
 315 319 389 410 400 430 319   0 439 137 435 455 482
 309 319 395 376 390 427 316 439   0 166 443 484 451
  42  47 115 136 134 155  45 137 166   0 313 355 352
 315 322 410 413 381 405 320 435 443 313   0 476 463
 356 360 459 430 421 464 358 455 484 355 476   0 491
 357 362 438 420 418 461 360 482 451 352 463 491   0
3
   0 365 405 114 114 376 444 132 352 355 379 109 130
 365   0 426 151 124 372 432 127 381 366 366 155 152
 405 426   0 172 140 421 481 175 410 424 382 146 154
 114 151 172   0  48 284 346  53 287 287 287  42  38
 114 124 140  48   0 287 349  51 284 290 288  43  38
 376 372 421 284 287   0 433 146 391 385 385 130 118
 444 432 481 346 349 433   0 181 406 398 431 174 149
 132 127 175  53  51 146 181   0 290 292 289  47  42
 352 381 410 287 284 391 406 290   0 403 367 121 154
 355 366 424 287 290 385 398 292 403   0 368 122 155
 379 366 382 287 288 385 431 289 367 368   0 158 146
 109 155 146  42  43 130 174  47 121 122 158   0  39
 130 152 154  38  38 118 149  42 154 155 146  39   0
RETURN_RATE_SECTION
0
   0 132 138 120  94  80 107  55 117 112  75  69 130
 131   0 152 146  95  99 132 109 139 116 116  85 140
 100 176   0 162 122 113 127 102 148 116 117 101 168
 108 148 150   0  94 104 122  85 132 133 117  70 142
  84 138 126 115   0  93 109  67 114 101  85  72 137
  80 148 144 121  81   0 116  65 113 107  84  68 129
 100 159 140 146 110  98   0  59 116 104  82  75 125
  77 134 115 109  72  80  90   0 103  97  72  56 118
 107 158 141 131 106 110 126  88   0 119  88  71 132
  85 146 128 120  94  93 126  75 112   0  85  66 143
  74 134 129 120  81  94 105  58 112 100   0  60 128
  68 133 123 114  77  75  99  53  99  91  69   0 115
  91 150 149 152 109 111 145  72 128 127  95  82   0
1
   0 130 139 130 145 137 119 135 126 181 150  96 150
 147   0 118 111 119  79  75 127  76 129 121  72 120
 164 114   0 122 145  94  95 126  94 130 122  88 137
 158 113 113   0 128  90 102 133  96 139 129  76 125
 172  94 126 133   0 108  87 136 110 146 114  82 146
 147  96 113 104 117   0  87 123  84 135 102  78 138
 148  87  97  97 122  91   0 131  68 128 114  69 116
 150 107 127 121 136 106  84   0  99 156 124 105 140
 144  85  93 105 116  77  79 119   0 122 105  75 119
 172 117 113 144 145 102 110 140 108   0 130 113 133
 168 116 113 116 134  95  92 143  90 149   0  71 136
 146  87 103 105 115  79  67 124  76 120  94   0 121
 151 122 126 129 157  91  92 145 107 138 122 101   0
2
   0 129 115  97  85 129  73  85  58  96 121 121  95
 114   0 160 141 115 143  99 109  81 136 137 139 124
  87 155   0 116 107 160 109  92  83 126 150 159 102
  95 135 139   0 110 149  93 106  80 117 122 147 108
  84 138 129 124   0 143  90  99  76 122 140 149 104
  81 159 141 138 103   0 104 114  89 130 139 158 111
  65 121 113 100 102 116   0  91  69  95 109 119 101
  86 142 120 102 111 129  84   0  72 108 119 138  93
  63 120 106  99  87 128  66  76   0  92 110 126  96
  71 150 133 108 112 132  92 110  82   0 126 130 108
  94 134 128 132 120 151 103 101  74 121   0 160 124
 102 154 145 120 135 146 109  95  97 125 137   0 113
  84 135 128 109 116 131  80 102  78 107 127 125   0
3
   0 143 103 101  95  82 145 112 123  79  96  82 143
 131   0 144 136 107  78 186 132 150 124 134  89 156
 106 145   0  96 114  64 157 135 123  81  87  76 154
  91 145  98   0  92  86 150 115 128  74 101  74 152
  93 149  98 107   0  64 136 120 118  85  84  62 160
  88 139  92  93  83   0 141 108 103  66  80  60 144
 123 182 113 117 111 116   0 159 162 124 126 116 183
 118 148 112 106  97  69 148   0 119  94  96  69 159
 123 144 102 123 117  97 144 128   0  93 100  82 178
  83 138  88  97  91  59 131 117 107   0  79  69 150
  82 147 101 105  87  60 137 114 109  87   0  75 157
  83 134  89  97  84  58 136 109 108  66  78   0 145
 126 161 135 135 145  95 165 162 145 127 137  99   0
BONUS_SATISFACTION_SECTION 
  18   9  57  57  72   4  46  42  40  86  80   6  46
EOF