NAME : Libia14n
TYPE : CaRS
COMMENT : Instances for the CaRS Problem (Asconavieta & Goldbarg)
DIMENSION : 14
CARS_NUMBER : 2
EDGE_WEIGHT_TYPE : EXPLICIT
EDGE_WEIGHT_FORMAT : FULL_MATRIX
EDGE_WEIGHT_SECTION
0
   0  39  52  54  48  69  53  40  54  45 287  63 341  65
  39   0  47  48  46  67  48  38  50  46 285  63 337  63
  52  47   0  52  49  74  52  39  54  45 288  66 344  68
  54  48  52   0  47  73  55  43  58  49 291  67 343  69
  48  46  49  47   0  70  54  42  51  47 284  64 338  63
  69  67  74  73  70   0  65  47  63  55 297  77 353  70
  53  48  52  55  54  65   0  41  58  51 287  69 345  65
  40  38  39  43  42  47  41   0  53  42 283  63 338  63
  54  50  54  58  51  63  58  53   0  47 286  65 344  68
  45  46  45  49  47  55  51  42  47   0 288  65 339  63
 287 285 288 291 284 297 287 283 286 288   0 151 436 169
  63  63  66  67  64  77  69  63  65  65 151   0 347  71
 341 337 344 343 338 353 345 338 344 339 436 347   0 181
  65  63  68  69  63  70  65  63  68  63 169  71 181   0
1
   0 342  63  62  54  51  55 351 254 312  45  50  57  46
 342   0 161 201 192 169 195 478 382 441 172 158 166 188
  63 161   0  66  59  61  64 359 257 322  53  61  68  51
  62 201  66   0  55  53  59 352 256 316  47  56  67  50
  54 192  59  55   0  55  57 352 253 312  45  55  58  52
  51 169  61  53  55   0  54 351 252 311  43  54  57  48
  55 195  64  59  57  54   0 352 259 313  44  51  60  54
 351 478 359 352 352 351 352   0 363 444 164 183 168 157
 254 382 257 256 253 252 259 363   0 410 141 125 156 130
 312 441 322 316 312 311 313 444 410   0 159 146 164 173
  45 172  53  47  45  43  44 164 141 159   0  48  58  46
  50 158  61  56  55  54  51 183 125 146  48   0  60  50
  57 166  68  67  58  57  60 168 156 164  58  60   0  55
  46 188  51  50  52  48  54 157 130 173  46  50  55   0
RETURN_RATE_SECTION
0
   0  48  47  54  70  48  83  59  62  72  76  43  49  56
  54   0  33  50  60  45  67  56  47  62  67  35  38  45
  48  38   0  51  57  37  71  57  50  63  65  32  37  40
  63  45  42   0  61  45  72  62  54  76  79  41  51  53
  64  57  46  63   0  58  76  73  55  71  82  54  57  49
  49  37  33  51  63   0  71  57  49  71  75  32  39  41
  70  62  59  63  85  65   0  73  65  73  75  59  65  58
  57  54  50  62  74  61  78   0  60  85  86  42  56  51
  53  41  40  60  64  46  75  59   0  67  73  39  45  49
  64  57  42  61  73  57  81  69  72   0  78  54  51  58
  59  51  44  73  72  67  82  65  71  79   0  48  61  62
  52  38  35  45  56  42  71  55  45  66  63   0  38  40
  57  41  34  47  62  40  72  63  47  72  66  32   0  49
  53  39  37  55  60  45  78  60  46  72  66  38  44   0
1
   0  80  51  55  48  72  93  57  42  62  62  46  83  73
  82   0  56  51  42  63  83  51  45  45  68  42  84  78
  71  69   0  40  33  60  74  45  40  39  49  35  74  70
  65  63  39   0  29  55  66  39  37  41  49  34  69  65
  61  56  37  39   0  52  69  36  35  38  48  25  66  64
  69  76  58  43  40   0  85  52  49  53  59  34  83  82
  73  85  49  53  50  68   0  48  58  64  75  52  87  76
  66  58  42  40  31  55  68   0  37  37  47  32  72  63
  65  59  45  42  32  54  65  36   0  37  53  30  72  62
  63  61  42  36  32  57  74  40  33   0  56  34  68  68
  77  73  47  42  31  59  77  44  39  41   0  33  72  66
  60  60  37  36  27  50  66  36  30  38  45   0  65  65
  75  86  55  58  43  73  76  45  57  61  57  49   0  87
  72  67  58  52  45  67  78  56  60  57  64  39  94   0
BONUS_SATISFACTION_SECTION 
  69  65   7  50  89  100  32  30  41  100  76  44  30  18
EOF