NAME : Mauritania10n
TYPE : CaRS
COMMENT : Instances for the CaRS Problem (Asconavieta & Goldbarg)
DIMENSION : 10
CARS_NUMBER : 2
EDGE_WEIGHT_TYPE : EXPLICIT
EDGE_WEIGHT_FORMAT : FULL_MATRIX
EDGE_WEIGHT_SECTION
0
   0  50  46  48  39  45  39 270 316  67
  50   0  54  53  43  46  46 276 318  71
  46  54   0  55  43  48  40 270 321  71
  48  53  55   0  42  47  45 276 322  73
  39  43  43  42   0  45  40 267 313  66
  45  46  48  47  45   0  41 269 318  71
  39  46  40  45  40  41   0 267 314  66
 270 276 270 276 267 269 267   0 416 160
 316 318 321 322 313 318 314 416   0 199
  67  71  71  73  66  71  66 160 199   0
1
   0  59 301 311 253 287  54  60  49  51
  59   0 303 315 260 289  58  64  54  51
 301 303   0 394 345 397 135 150 170 148
 311 315 394   0 349 372 148 154 145 142
 253 260 345 349   0 353 135 133 124 144
 287 289 397 372 353   0 148 136 136 160
  54  58 135 148 135 148   0  61  50  47
  60  64 150 154 133 136  61   0  54  51
  49  54 170 145 124 136  50  54   0  45
  51  51 148 142 144 160  47  51  45   0
RETURN_RATE_SECTION
0
   0  36  59  45  85  46  70  63  58  40
  44   0  50  39  83  37  54  53  40  34
  50  40   0  42  83  50  73  65  56  44
  54  29  57   0  89  40  65  62  46  38
  82  54  63  65   0  69  76  90  63  71
  50  37  48  40  80   0  61  56  50  37
  63  40  67  52 102  57   0  61  61  54
  65  45  57  47  90  57  69   0  50  54
  50  38  49  43  85  52  68  56   0  42
  48  31  46  39  84  41  65  53  50   0
1
   0  82  55 100  85 100  81  63  89  68
  73   0  58 103  75 100  72  67  80  80
  65  66   0  82  63  84  62  48  69  60
  85  94  66   0  87 115  74  62  86  94
  78  76  51  98   0  89  69  65  83  70
  85  78  52 112  99   0  93  78 101  82
  74  77  58  95  80  93   0  70  80  80
  70  74  43  95  69  92  62   0  76  70
  83  83  48 102  77 102  66  60   0  72
  85  69  60  88  78  95  71  72  80   0
BONUS_SATISFACTION_SECTION 
  72  38  66  61  17  43  85  27  53   2
EOF