NAME : Mexico14n
TYPE : CaRS
COMMENT : Instances for the CaRS Problem (Asconavieta & Goldbarg)
DIMENSION : 14
CARS_NUMBER : 4
EDGE_WEIGHT_TYPE : EXPLICIT
EDGE_WEIGHT_FORMAT : FULL_MATRIX
EDGE_WEIGHT_SECTION
0
   0 279 265  65 311  58  38  49  54 315 329  45 333 337
 279   0 348 136 386 133 128 150 151 386 400 142 444 429
 265 348   0 140 407 154 131 153 155 416 404 137 421 424
  65 136 140   0 319  67  41  58  56 314 332  49 337 341
 311 386 407 319   0 184 151 165 146 417 411 167 460 453
  58 133 154  67 184   0  40  56  55 319 328  47 341 344
  38 128 131  41 151  40   0  46  47 306 322  38 330 333
  49 150 153  58 165  56  46   0  49 311 328  41 335 336
  54 151 155  56 146  55  47  49   0 314 327  42 334 336
 315 386 416 314 417 319 306 311 314   0 421 137 440 463
 329 400 404 332 411 328 322 328 327 421   0 132 466 459
  45 142 137  49 167  47  38  41  42 137 132   0 330 333
 333 444 421 337 460 341 330 335 334 440 466 330   0 452
 337 429 424 341 453 344 333 336 336 463 459 333 452   0
1
   0 354 456 401 160 148 130 417 154 135 368 383 388 112
 354   0 452 414 165 126 152 431 132 122 374 371 358 125
 456 452   0 445 178 189 196 441 183 193 364 402 395 165
 401 414 445   0 143 151 159 427 167 156 392 387 411 129
 160 165 178 143   0  44  53 331  48  51 263 277 287  43
 148 126 189 151  44   0  49 325  46  44 259 276 280  37
 130 152 196 159  53  49   0 327  48  49 265 276 281  40
 417 431 441 427 331 325 327   0 170 138 354 390 404 163
 154 132 183 167  48  46  48 170   0  46 260 280 281  43
 135 122 193 156  51  44  49 138  46   0 262 276 282  39
 368 374 364 392 263 259 265 354 260 262   0 363 384 118
 383 371 402 387 277 276 276 390 280 276 363   0 382 132
 388 358 395 411 287 280 281 404 281 282 384 382   0 116
 112 125 165 129  43  37  40 163  43  39 118 132 116   0
2
   0  59  55  60 267  65 348 356  59 257  56  65  66  65
  59   0  52  57 264  61 346 357  60 256  51  56  63  58
  55  52   0  54 258  53 345 354  57 249  47  55  63  57
  60  57  54   0 263  58 346 355  55 255  47  56  66  60
 267 264 258 263   0 132 420 429 132 344 115 124 163 132
  65  61  53  58 132   0 348 354  60 251  48  60  66  57
 348 346 345 346 420 348   0 460 184 379 165 163 190 184
 356 357 354 355 429 354 460   0 177 350 191 177 183 177
  59  60  57  55 132  60 184 177   0 251  48  60  62  60
 257 256 249 255 344 251 379 350 251   0 143 152 142 121
  56  51  47  47 115  48 165 191  48 143   0  55  63  55
  65  56  55  56 124  60 163 177  60 152  55   0  67  61
  66  63  63  66 163  66 190 183  62 142  63  67   0  58
  65  58  57  60 132  57 184 177  60 121  55  61  58   0
3
   0  32  45 322  46 352 331  56 279 346  45 337 327  34
  32   0  47 321  45 350 331  57 279 344  45 337 328  33
  45  47   0 329  51 358 337  65 282 353  53 345 330  37
 322 321 329   0 151 456 445 193 384 450 151 444 442 148
  46  45  51 151   0 355 337  60 283 349  51 347 335  37
 352 350 358 456 355   0 469 184 429 461 151 444 454 183
 331 331 337 445 337 469   0 155 398 475 155 447 446 141
  56  57  65 193  60 184 155   0 286 358  55 352 340  41
 279 279 282 384 283 429 398 286   0 461 136 429 434 140
 346 344 353 450 349 461 475 358 461   0 183 475 474 147
  45  45  53 151  51 151 155  55 136 183   0 346 335  37
 337 337 345 444 347 444 447 352 429 475 346   0 460 145
 327 328 330 442 335 454 446 340 434 474 335 460   0 140
  34  33  37 148  37 183 141  41 140 147  37 145 140   0
RETURN_RATE_SECTION
0
   0  89  68  79 102  99 108  90 132  61  90 123  97 121
 104   0  65  75  74  87  98  84 108  60  68  98  92  99
 101  68   0  65  71  78  94  72 103  54  63  97  80  94
  98  65  72   0  82  86  94  83 120  62  84 110  90 103
 113  72  67  72   0  89  98  79 105  53  69  93  96  98
 110  67  76  77  90   0  96  80 108  71  86 114 100 120
 109  89  82 103  81  86   0  96 127  65  82 118  93 119
 105  81  68  87  71  84 102   0 105  65  75 110  95 103
 136 101  73 107  85  87 125  87   0  86  90 127 119 133
  98  69  50  69  70  79  88  77 110   0  70  87  79  93
 112  64  58  78  77  89 107  88 108  54   0  94  90 107
 115  74  89  80  78  98 126  83 114  74  74   0 114 106
 126  75  79  92  91  89 101  93 111  68  76 102   0 123
 116  84  84 103  99 107 117  87 116  61 103 102 118   0
1
   0  67 108  78  92  81 131  98 116  72  96  94 110 109
 101   0  84  51  75  73 117  75 110  61  76  73 101  86
 118  73   0  64  96  93 142  95 113  68  75  90 121  83
  95  62  78   0  69  74 113  73 102  56  63  64  98  78
 105  61  91  56   0  73 125  94 108  67  75  79  99  92
  96  66  90  62  74   0 135  80 118  72  85  86 107  78
 120  95 106  93 104  95   0 103 145  92 111  84 136 125
 116  74  87  63  79  95 136   0 120  61  70  78 107  86
 111  92 110  71 110  93 156 101   0  92 101  83 114 117
  98  60  89  55  70  81 125  78 111   0  74  65 105  84
  92  70  91  57  71  87 116  84 118  63   0  75 111  76
 108  69  93  63  74  77 119  78 115  57  75   0 113  82
 108  92 113  72  99  95 150  99 136  70  74  80   0  92
  96  65 100  52  75  80 125  97 111  70  69  72 114   0
2
   0  86  75 103  51  45  52  55  64  67  47 110  83  45
  58   0  93 121  74  66  83  89  84  81  71 132 102  72
  68 108   0 103  58  64  57  63  68  69  53 118 107  70
  71  99 113   0  77  79  65  92  80  93  71 127 117  61
  44  83  75  97   0  41  48  55  63  67  42 108  89  46
  47  78  71  99  47   0  53  54  56  58  44 105  84  49
  55  90  75 106  53  52   0  62  67  63  50 107  85  46
  56  92  81 110  53  50  66   0  68  63  57 108  92  59
  51  84  76 105  59  49  63  62   0  67  46 118  98  46
  56  86  74 101  56  48  59  60  65   0  48 117  99  54
  51  80  71  96  50  37  49  57  57  56   0 105  86  43
  87 126 104 116  69  72  71  92  90 104  72   0 107  77
  70 108  84 113  70  55  70  88  89  81  67 122   0  73
  54  81  74 101  48  48  53  59  60  61  45 105  91   0
3
   0 115 147 143 130 157 102  84 115 124 154  76  72  93
 134   0 136 129 123 130 116 103 117 137 149  62  94  81
 142 114   0 136 123 132 118  88 111 111 141  63  82 106
 137 130 151   0 126 144 129  94 113 136 165  88  79 105
 128 123 125 137   0 128 113  92 109 112 127  70  83  86
 136 132 150 155 136   0 118 110 113 129 131  81  88  94
 114 120 135 133 116 143   0  87 108 125 128  75  85  74
 108 118 110 130 113 118  90   0 104 104 131  66  65  75
 143 111 137 147 124 132 109  80   0 122 137  74  92  77
 136 120 131 137 118 152 116  98 117   0 135  62  77  97
 151 124 135 157 124 142 111 102 137 144   0  96  81  93
 101 100 110 120  95 120  84  68  96 104 113   0  62  71
 104 106 109 124 106 115  87  69  93 102 124  52   0  74
 109  98 107 119 100 119 104  74  98 104 118  58  58   0
BONUS_SATISFACTION_SECTION 
  84  18   3  20  96  23  28  43   3  85  81  41  47  21
EOF