NAME : Mongolia13n
TYPE : CaRS
COMMENT : Instances for the CaRS Problem (Asconavieta & Goldbarg)
DIMENSION : 13
CARS_NUMBER : 3
EDGE_WEIGHT_TYPE : EXPLICIT
EDGE_WEIGHT_FORMAT : FULL_MATRIX
EDGE_WEIGHT_SECTION
0
   0  52  45  51  50 282  71  60  50  62 263 356 294
  52   0  45  53  50 279  73  59  51  61 263 354 288
  45  45   0  51  51 278  68  58  46  62 259 354 286
  51  53  51   0  54 278  69  57  53  61 264 357 289
  50  50  51  54   0 280  72  60  52  64 263 357 291
 282 279 278 278 280   0 180 160 159 136 353 465 382
  71  73  68  69  72 180   0  71  58  68 268 364 295
  60  59  58  57  60 160  71   0  54  67 265 360 292
  50  51  46  53  52 159  58  54   0  64 260 356 291
  62  61  62  61  64 136  68  67  64   0 269 362 296
 263 263 259 264 263 353 268 265 260 269   0 457 391
 356 354 354 357 357 465 364 360 356 362 457   0 435
 294 288 286 289 291 382 295 292 291 296 391 435   0
1
   0  55 250  71 269 282  63  53 300 329  52 264  50
  55   0 252  72 274 286  70  56 302 333  54 268  55
 250 252   0 159 367 363 130 121 382 428 135 332 116
  71  72 159   0 275 295  70  68 307 337  61 272  58
 269 274 367 275   0 362 136 136 407 412 160 356 131
 282 286 363 295 362   0 158 149 413 425 165 378 127
  63  70 130  70 136 158   0  59 308 338  60 272  59
  53  56 121  68 136 149  59   0 303 332  55 273  52
 300 302 382 307 407 413 308 303   0 452 165 359 171
 329 333 428 337 412 425 338 332 452   0 188 380 154
  52  54 135  61 160 165  60  55 165 188   0 272  56
 264 268 332 272 356 378 272 273 359 380 272   0 122
  50  55 116  58 131 127  59  52 171 154  56 122   0
2
   0  69  63 303  49  51  45  60 343  58  44  52 322
  69   0  67 306  57  56  52  66 350  58  53  59 330
  63  67   0 305  56  49  44  65 349  62  52  56 326
 303 306 305   0 148 137 150 177 450 135 144 159 402
  49  57  56 148   0  49  38  58 340  56  43  52 321
  51  56  49 137  49   0  38  56 339  52  45  47 320
  45  52  44 150  38  38   0  55 339  49  42  47 317
  60  66  65 177  58  56  55   0 343  59  49  54 325
 343 350 349 450 340 339 339 343   0 193 171 177 449
  58  58  62 135  56  52  49  59 193   0  48  50 323
  44  53  52 144  43  45  42  49 171  48   0  47 320
  52  59  56 159  52  47  47  54 177  50  47   0 321
 322 330 326 402 321 320 317 325 449 323 320 321   0
RETURN_RATE_SECTION
0
   0  48 117  83  60  60  59 104  87  70  93  79 100
  79   0  88  72  42  41  38  90  79  47  78  63  78
 102  68   0  88  69  63  66 115 110  79 106  88 111
  92  45  94   0  54  68  65  94  86  67  99  71  99
  82  40  86  71   0  48  43  89  79  52  85  66  78
  83  34  92  79  46   0  39  86  81  49  81  59  82
  77  33  87  75  47  47   0  84  72  52  78  62  76
  92  61 102 108  78  63  63   0  93  66  96  78  96
  92  55 117  83  73  73  70  98   0  76 103  69  87
  82  40  96  74  54  46  46  91  84   0  80  62  79
  96  68 110 102  62  53  61  97  85  65   0  92 101
  83  41  97  74  52  58  60 103  88  60  93   0  91
 104  47 113 101  74  57  69 102  99  68  93  73   0
1
   0  40  75  60  40  46  70  35  77  55  55  78  51
  33   0  78  54  49  52  72  37  72  57  62  78  54
  58  57   0  86  60  57  93  60  91  83  69  87  60
  39  46  87   0  61  55  77  54  91  73  65  79  61
  42  43  81  63   0  45  72  41  82  63  62  78  55
  37  38  81  68  49   0  81  40  86  59  64  87  59
  49  64  96  70  60  54   0  59  94  83  81  87  72
  32  41  77  54  42  46  68   0  79  60  57  76  52
  61  66  88  76  67  74  85  63   0  73  86 102  64
  53  56  90  63  47  50  78  53  80   0  63  81  60
  51  54  87  62  51  50  75  50  87  77   0  84  56
  45  63 102  83  53  62  80  51 106  85  85   0  74
  40  43  75  61  44  47  75  46  80  71  68  83   0
2
   0  44  73  72  52  65  77  44  81  44  59  42  38
  39   0  82  81  59  79  81  47  87  51  66  44  40
  53  73   0  86  74  87 104  71 100  59  75  57  59
  60  70 103   0  59  91  96  61  89  55  78  55  68
  39  52  92  73   0  77  82  53  90  48  73  45  44
  51  60  96  92  69   0  94  65 103  61  83  60  55
  56  66 102 100  60  89   0  72 101  71  83  63  60
  36  52  76  70  53  78  76   0  88  52  62  46  47
  47  63 106 105  72  86  91  67   0  66  84  56  62
  41  51  88  72  58  74  77  44  80   0  64  42  47
  56  53  94  78  57  77  83  50  99  56   0  58  59
  41  54  76  71  50  73  78  51  85  54  66   0  48
  35  47  84  75  54  75  74  45  81  46  61  44   0
BONUS_SATISFACTION_SECTION 
  26  92  55  85  93  62  80  86  22  92  78  92  89
EOF