NAME : Niger12n
TYPE : CaRS
COMMENT : Instances for the CaRS Problem (Asconavieta & Goldbarg)
DIMENSION : 12
CARS_NUMBER : 3
EDGE_WEIGHT_TYPE : EXPLICIT
EDGE_WEIGHT_FORMAT : FULL_MATRIX
EDGE_WEIGHT_SECTION
0
   0 460 367 132 150 451 448 405 166 473 162 172
 460   0 378 142 205 462 439 458 177 477 198 197
 367 378   0 127 129 420 416 426 143 456 121 165
 132 142 127   0  55 347 336 320  63 348  49  59
 150 205 129  55   0 352 344 327  69 357  52  63
 451 462 420 347 352   0 436 432 163 484 171 193
 448 439 416 336 344 436   0 417 180 468 156 166
 405 458 426 320 327 432 417   0 184 462 171 161
 166 177 143  63  69 163 180 184   0 362  56  71
 473 477 456 348 357 484 468 462 362   0 195 183
 162 198 121  49  52 171 156 171  56 195   0  64
 172 197 165  59  63 193 166 161  71 183  64   0
1
   0  52  51 348 357  43  66  66 352  48 292  42
  52   0  49 347 358  45  60  64 350  45 292  40
  51  49   0 347 355  41  61  63 348  40 291  36
 348 347 347   0 475 183 192 181 491 161 387 135
 357 358 355 475   0 188 207 207 495 142 435 138
  43  45  41 183 188   0  60  60 345  39 288  33
  66  60  61 192 207  60   0  64 356  46 293  40
  66  64  63 181 207  60  64   0 355  49 295  46
 352 350 348 491 495 345 356 355   0 140 421 158
  48  45  40 161 142  39  46  49 140   0 289  34
 292 292 291 387 435 288 293 295 421 289   0 125
  42  40  36 135 138  33  40  46 158  34 125   0
2
   0  71 353  53 255  66  51  42  54 323 307  55
  71   0 368  63 259  73  59  54  67 336 320  62
 353 368   0 165 388 176 175 156 165 471 443 201
  53  63 165   0 258  68  53  50  55 325 310  56
 255 259 388 258   0 131 135 127 120 423 391 130
  66  73 176  68 131   0  62  51  62 335 312  62
  51  59 175  53 135  62   0  48  57 330 308  60
  42  54 156  50 127  51  48   0  54 322 309  53
  54  67 165  55 120  62  57  54   0 326 310  55
 323 336 471 325 423 335 330 322 326   0 441 187
 307 320 443 310 391 312 308 309 310 441   0 179
  55  62 201  56 130  62  60  53  55 187 179   0
RETURN_RATE_SECTION
0
   0 106  65  57 120  62  64 108  70  81 104 103
  87   0  92  77 121  67  57 108  68  83  98 131
  75 103   0  49 113  58  47  96  43  76  95  99
  78  99  51   0 100  53  42  94  48  75  83 100
 116 126  67  83   0  93  68 116  62  99 105 120
  81  99  57  46 103   0  43  90  41  72  86 102
  69 100  53  49 106  48   0  92  48  64  84  89
 101 111  86  61 130  65  73   0  79  84 112 105
  72  93  48  51 103  50  40  96   0  69  85  95
  95 115  70  51 118  53  56 103  61   0 101 107
  88 124  70  65 126  65  57 122  67  83   0 110
  94 109  74  86 138  71  72 123  72  82 110   0
1
   0 143 109  88 116 123  85  88 129  78  81 124
 126   0 121 108 101 110  72  80 116  75  68 150
 115 115   0  84  90 113  70  81 104  82  67 123
 110 123  96   0  83 100  60  68 114  76  58 118
 108 132  96  87   0 109  57  81 106  78  78 121
 128 125  97  96 112   0  83  86 119  76  64 122
  97 110  76  78  77  92   0  65  95  54  49 118
  96 112  79  80  97  96  67   0 105  68  60 112
 127 129  95 101 100 117  71  79   0  69  70 142
 101 113  75  72  89  93  62  77  97   0  61 118
 103 108  76  73  77  94  48  73 101  55   0 111
 110 133 114 105 122 111  68 110 133  83  69   0
2
   0  54  99  84  68  81  57 106 100 112  50  94
  76   0  71  51  43  70  47  97  95 103  40  83
  93  47   0  66  61  84  57 115 104 119  57  92
  89  43  79   0  59  79  58 102 107 103  52  89
  77  49  70  62   0  65  55  96 101  97  49  79
  94  51  92  63  55   0  69 118 102 116  51  86
  77  47  71  56  44  72   0 105 101 106  44  82
 102  55 111  76  70 100  63   0 127 142  64  98
  97  64  99  95  59 102  71 133   0 125  77  94
 120  72 102  96  70 109  65 133 133   0  55 104
  72  44  66  58  47  61  51 102  88  97   0  82
  94  67  95  80  75  75  61 121 106 110  63   0
BONUS_SATISFACTION_SECTION 
  61  83   8  22  69  43  98  85  59  93  78  57
EOF