NAME : Peru13n
TYPE : CaRS
COMMENT : Instances for the CaRS Problem (Asconavieta & Goldbarg)
DIMENSION : 13
CARS_NUMBER : 2
EDGE_WEIGHT_TYPE : EXPLICIT
EDGE_WEIGHT_FORMAT : FULL_MATRIX
EDGE_WEIGHT_SECTION
0
   0  39  42 315  57 290  58 272 353  51 252  46  52
  39   0  41 311  50 287  54 268 348  46 250  41  49
  42  41   0 314  53 289  57 267 351  49 251  45  50
 315 311 314   0 141 416 165 367 449 148 369 153 161
  57  50  53 141   0 292  59 275 352  55 254  50  55
 290 287 289 416 292   0 146 357 440 166 330 161 132
  58  54  57 165  59 146   0 273 359  54 259  49  61
 272 268 267 367 275 357 273   0 433 131 358 144 143
 353 348 351 449 352 440 359 433   0 173 362 191 198
  51  46  49 148  55 166  54 131 173   0 252  46  54
 252 250 251 369 254 330 259 358 362 252   0 128 135
  46  41  45 153  50 161  49 144 191  46 128   0  51
  52  49  50 161  55 132  61 143 198  54 135  51   0
1
   0  70 268  67 310  49  58  40  53  58  50 343 367
  70   0 272  69 316  45  58  47  48  62  50 347 363
 268 272   0 151 410 120 153 124 132 134 123 411 462
  67  69 151   0 316  50  53  44  51  65  51 345 368
 310 316 410 316   0 126 133 131 138 168 148 453 462
  49  45 120  50 126   0  45  33  41  52  41 337 356
  58  58 153  53 133  45   0  37  47  55  43 343 360
  40  47 124  44 131  33  37   0  40  53  41 337 355
  53  48 132  51 138  41  47  40   0  52  46 340 355
  58  62 134  65 168  52  55  53  52   0  51 346 359
  50  50 123  51 148  41  43  41  46  51   0 337 355
 343 347 411 345 453 337 343 337 340 346 337   0 464
 367 363 462 368 462 356 360 355 355 359 355 464   0
RETURN_RATE_SECTION
0
   0  85  98  69  76  50  79  87  88  55  45  73  89
  74   0 100  82  78  53 100  97  97  64  63  71 100
  93 113   0 102  73  58  98 104  97  69  49  88 108
  65  90  99   0  84  49  86 109  99  60  60  76  99
  74  99 103  70   0  40  95 105  97  58  46  68  89
  49  83  91  69  58   0  76  86  86  41  32  63  80
  71 102 101  83  85  58   0  94 103  73  59  71 101
  91 107 120  85  92  51 109   0  98  78  63  87 111
  78 111 117  92  86  56 101 107   0  57  57  96 105
  60  90  94  70  63  40  75  89  83   0  39  62  88
  58  84  90  67  63  32  75  86  80  45   0  59  78
  61  91 105  79  73  49  90 102  99  55  49   0  97
  84 101 114  90  81  49  94 102  94  58  48  88   0
1
   0  50  67  84  63  81  42  83  39  47  36  65  92
  38   0  81  91  64  90  52 100  49  54  40  72  94
  55  77   0 102  86  96  69  97  58  62  59  71  98
  54  79  90   0  87 105  80 117  60  75  54  75 105
  53  69  79  92   0  96  60  95  54  68  39  76 106
  61  65  80 108  74   0  57 105  48  64  52  82 112
  40  55  71  82  71  82   0  91  47  46  40  66  91
  51  67  97  95  95  98  78   0  52  61  71 101 122
  35  54  69  85  64  80  51  84   0  48  37  61  86
  45  63  76  83  67  83  54  96  47   0  37  68  98
  36  53  70  84  64  81  45  88  40  46   0  63  93
  46  70  81  95  86  90  69 108  58  67  46   0  95
  48  92 107 115 103 121  65 102  74  86  64  86   0
BONUS_SATISFACTION_SECTION 
   3  56  60  87  65  81  50  29  78   1  76   8  29
EOF