NAME : Russia17n
TYPE : CaRS
COMMENT : Instances for the CaRS Problem (Asconavieta & Goldbarg)
DIMENSION : 17
CARS_NUMBER : 5
EDGE_WEIGHT_TYPE : EXPLICIT
EDGE_WEIGHT_FORMAT : FULL_MATRIX
EDGE_WEIGHT_SECTION
0
   0 118 144 141 405 129 327 155 417 374 443 355 361 426 138 359 138
 118   0  67  52 328  49 250  43 321 259 337 250 266 348  57 243  61
 144  67   0  67 338  57 255  48 332 274 348 261 276 354  67 257  67
 141  52  67   0 333  54 251  49 328 268 342 256 271 354  63 249  66
 405 328 338 333   0 144 383 156 424 364 473 343 389 462 174 370 174
 129  49  57  54 144   0 251  43 325 262 340 251 271 351  61 248  63
 327 250 255 251 383 251   0 116 419 343 406 317 356 415 142 344 150
 155  43  48  49 156  43 116   0 321 261 338 252 266 348  58 247  60
 417 321 332 328 424 325 419 321   0 362 450 341 366 469 161 367 151
 374 259 274 268 364 262 343 261 362   0 434 329 336 419 147 333 131
 443 337 348 342 473 340 406 338 450 434   0 391 362 477 157 353 200
 355 250 261 256 343 251 317 252 341 329 391   0 364 415 159 313 159
 361 266 276 271 389 271 356 266 366 336 362 364   0 437 166 326 166
 426 348 354 354 462 351 415 348 469 419 477 415 437   0 204 368 182
 138  57  67  63 174  61 142  58 161 147 157 159 166 204   0 254  64
 359 243 257 249 370 248 344 247 367 333 353 313 326 368 254   0 141
 138  61  67  66 174  63 150  60 151 131 200 159 166 182  64 141   0
1
   0  72  73 334  73 249  72 351  57  66 356  63 307  42 339  54 330
  72   0  73 337  73 259  73 355  56  72 361  69 312  46 343  58 337
  73  73   0 333  75 252  72 355  59  71 360  66 311  48 346  54 340
 334 337 333   0 169 337 159 462 163 163 478 150 403 163 447 182 441
  73  73  75 169   0 255  79 359  62  73 363  70 306  45 339  59 336
 249 259 252 337 255   0 162 436 130 141 435 122 396 127 414 129 415
  72  73  72 159  79 162   0 354  59  71 367  66 311  45 344  59 340
 351 355 355 462 359 436 354   0 149 204 465 168 411 139 444 192 449
  57  56  59 163  62 130  59 149   0  64 357  57 304  39 337  48 331
  66  72  71 163  73 141  71 204  64   0 364  67 304  47 338  52 337
 356 361 360 478 363 435 367 465 357 364   0 159 413 175 446 172 451
  63  69  66 150  70 122  66 168  57  67 159   0 304  46 341  52 330
 307 312 311 403 306 396 311 411 304 304 413 304   0 161 426 170 411
  42  46  48 163  45 127  45 139  39  47 175  46 161   0 330  48 324
 339 343 346 447 339 414 344 444 337 338 446 341 426 330   0 153 432
  54  58  54 182  59 129  59 192  48  52 172  52 170  48 153   0 330
 330 337 340 441 336 415 340 449 331 337 451 330 411 324 432 330   0
2
   0 371 360 181 370 203 457 195 158 465 167 456 167 159 172 423 166
 371   0 365 120 353 147 415 131 127 404 161 461 117 120 130 351 140
 360 365   0 137 328 155 415 140 127 437 144 461 125 153 155 359 149
 181 120 137   0 254  61 336  55  53 337  57 358  47  51  55 284  48
 370 353 328 254   0 142 426 135 122 431 131 447 145 148 149 355 143
 203 147 155  61 142   0 341  59  56 341  61 367  50  59  61 284  53
 457 415 415 336 426 341   0 148 165 429 153 453 185 145 157 387 141
 195 131 140  55 135  59 148   0  53 334  59 362  48  53  56 287  46
 158 127 127  53 122  56 165  53   0 337  60 358  47  51  53 281  48
 465 404 437 337 431 341 429 334 337   0 194 473 162 176 167 418 172
 167 161 144  57 131  61 153  59  60 194   0 363  49  54  54 286  48
 456 461 461 358 447 367 453 362 358 473 363   0 183 175 165 383 193
 167 117 125  47 145  50 185  48  47 162  49 183   0  50  55 281  44
 159 120 153  51 148  59 145  53  51 176  54 175  50   0  55 283  49
 172 130 155  55 149  61 157  56  53 167  54 165  55  55   0 285  51
 423 351 359 284 355 284 387 287 281 418 286 383 281 283 285   0 140
 166 140 149  48 143  53 141  46  48 172  48 193  44  49  51 140   0
3
   0  52  37 357  41 311  45 336  54 334 350 266 323 336 265 291 248
  52   0  40 355  45 314  48 339  55 334 352 266 328 342 270 290 251
  37  40   0 352  38 308  40 333  49 330 343 261 319 333 262 284 247
 357 355 352   0 189 412 181 438 178 446 495 400 460 449 390 401 396
  41  45  38 189   0 310  44 335  54 333 349 264 322 337 266 289 249
 311 314 308 412 310   0 132 453 181 440 465 381 451 463 353 375 366
  45  48  40 181  44 132   0 337  53 333 349 265 325 336 268 287 251
 336 339 333 438 335 453 337   0 171 439 487 360 452 432 361 405 345
  54  55  49 178  54 181  53 171   0 340 351 270 330 340 267 295 256
 334 334 330 446 333 440 333 439 340   0 443 369 451 452 381 383 376
 350 352 343 495 349 465 349 487 351 443   0 408 468 447 387 399 382
 266 266 261 400 264 381 265 360 270 369 408   0 421 424 371 360 337
 323 328 319 460 322 451 325 452 330 451 468 421   0 438 367 390 382
 336 342 333 449 337 463 336 432 340 452 447 424 438   0 372 394 377
 265 270 262 390 266 353 268 361 267 381 387 371 367 372   0 360 338
 291 290 284 401 289 375 287 405 295 383 399 360 390 394 360   0 347
 248 251 247 396 249 366 251 345 256 376 382 337 382 377 338 347   0
4
   0 394 394 400 432 170 363 132 461 160 136 143 129 135 154 159 388
 394   0 403 409 431 173 381 161 482 142 155 164 147 153 175 159 416
 394 403   0 443 475 166 394 125 487 166 179 138 170 166 159 172 440
 400 409 443   0 463 155 383 124 465 145 158 167 179 175 148 161 409
 432 431 475 463   0 178 417 157 478 178 170 160 150 200 159 195 453
 170 173 166 155 178   0 291  39 360  51  56  43  55  65  54  71 316
 363 381 394 383 417 291   0 151 445 143 146 154 130 163 164 160 389
 132 161 125 124 157  39 151   0 353  43  47  36  47  55  48  60 306
 461 482 487 465 478 360 445 353   0 172 198 187 154 194 186 177 447
 160 142 166 145 178  51 143  43 172   0  50  38  52  56  51  63 314
 136 155 179 158 170  56 146  47 198  50   0  42  56  62  53  68 315
 143 164 138 167 160  43 154  36 187  38  42   0  51  54  47  60 310
 129 147 170 179 150  55 130  47 154  52  56  51   0  59  55  66 311
 135 153 166 175 200  65 163  55 194  56  62  54  59   0  56  70 315
 154 175 159 148 159  54 164  48 186  51  53  47  55  56   0  66 313
 159 159 172 161 195  71 160  60 177  63  68  60  66  70  66   0 318
 388 416 440 409 453 316 389 306 447 314 315 310 311 315 313 318   0
RETURN_RATE_SECTION
0
   0 156 164 137  76 106 117 118 118 127 151  72  79 123  72 121 152
 147   0 170 134  85 140 120 136 153 113 134  99  83 144  92 153 174
 122 151   0 125  89 122 143 151 134 139 142  74 113 152  82 138 167
 136 150 142   0  85  99 109 122 116 105 148  61  94 129  90 130 131
  99 130 118  94   0  85  91 101  95  83 110  46  56 109  54  97 115
 128 158 129 105  72   0 118 118 101  97 132  58  65 118  84 107 147
 124 160 156 114  67 111   0 113 117 122 119  78  68 136  75 112 132
 137 154 159 116  66 116 110   0 134 116 146  56  81 141  99 108 137
 131 156 145 116  74 115 118 133   0 100 137  77  78 124  92 122 139
 118 146 132 113  59 112 108 117 111   0 138  76  78 136  89 106 129
 142 152 156 141  82 112 113 130 127 124   0  90  97 138 102 130 150
  98 125 124  96  45  78  97  94  97  81 112   0  52 102  57  95 114
 112 126 123 102  56  94  94 100  99  91 109  42   0 108  57  99 124
 134 156 147 126  80  98 111 119 134 125 152  69  80   0  96 116 144
 108 131 128 107  54  92  98  98  99  89 116  51  65 107   0  95 131
 115 138 132 129  82 115 128 123 122 100 132  64  73 137  82   0 152
 156 153 151 127  74 117 124 125 143 137 130  69 104 126 112 122   0
1
   0  53  80  78 135  96  56  78  78 123  72  78  92 126 121  96  77
  57   0  70  75 126  85  48  75  67 124  68  72  81 117 122  81  67
  66  62   0  71 132  90  64  79  68 133  90  79  90 137 125  94  83
  74  60  90   0 134  86  54  77  73 129  76  75  85 127 141 100  79
 108 108 107 106   0 135  91 130 107 142 102 124 130 168 149 114 101
  66  58  95  79 148   0  75  87  80 146  75  95 111 130 146 107  75
  63  56  75  66 125  77   0  68  63 126  72  63  76 114 116  78  68
  63  57  92  89 131 100  59   0  70 141  83  72  99 138 126 100  80
  73  60  78  82 127  87  63  78   0 134  77  73  99 123 123  85  84
  86  82 124 112 175 124  69 125 113   0 105 109 122 142 177 103 114
  74  60  92  80 134  88  49  89  72 132   0  85 101 136 125  90  70
  66  64  79  80 143  90  61  91  84 125  85   0 101 121 134  97  86
  65  64  85  78 132  89  67  91  78 139  94  96   0 132 146  91  92
  95 105 112 104 166 112  74 106 118 168  93 104 128   0 141 133 113
 114  92  99  88 164 127  65 101 102 142  98  91 115 156   0 120  97
  79  69  95  79 132  90  59  87  85 129  79  88  99 134 144   0  89
  60  56  75  69 140  99  62  92  78 123  69  69  84 130 133  84   0
2
   0 113 103 105 134  85 151 126  83 114  99 140 138 123  94 112 120
 128   0  82  87 113  77 131 125  91  96  90 135 117 109  91 112 135
 107 106   0  92 104  84 143 106  73 109  83 122 122 105  71 103 112
 106 111  84   0 117  90 146 123  89  97  93 145 127  93  89 106 117
 127 121  91 110   0 104 156 140 102 105  98 131 119  98  85 104 124
 103  92  75  86 106   0 135 106  75 102  71 127 117  99  75  97 108
 118 123 126 112 155 114   0 144 120 111 110 142 145 113  92 127 159
 107 121  91 116 120 101 145   0 102 125  84 151 135 109  88 123 144
  96 103  73  86 115  84 139 112   0  91  83 124 118 101  75  90 119
 105 109  89 106 120  91 135 129  95   0  90 151 119  96  90 108 124
 111 100  75  95 116  85 128 107  72  93   0 121 105  92  83 106 124
 134 108 110  97 118  92 172 135 108 116  98   0 154 122  90 111 129
 125 119 103 102 129  85 143 118  80 123  93 134   0 118  89 118 125
 110 104  86 102 131  93 151 119  96 119  79 129 116   0  82 103 133
 105  99  88  92 110  82 139 115  75 100  77 121 118  90   0  88 105
 107 113  97 100 107  76 153 116  89 111  98 143 116 105  82   0 116
 109 108  90 116 131  89 141 125  90 128 101 150 115 108 108 126   0
3
   0 110  69  71  43  82  89 111 126  75 114 100  48  76  87 125  96
  89   0 119 103  82 129 135 148 156 106 131 123  76 117 107 144 114
  70 121   0  77  66 107 106 121 124  86 112 116  54  85 114 132 117
  59 124  77   0  54  91 108 118 134  91 124 106  64  82 103 140 117
  45 110  77  66   0  91  91 115 121  77 105 100  47  72  92 120  96
  79 120  82  78  69   0 108 143 141 102 136 133  57  86 118 152 120
  61 138  86  84  61 102   0 132 137  99 137 130  59 104 109 144 125
  95 139 105  89  78 139 111   0 168  98 146 149  81 127 118 149 139
 101 162 114 105  87 134 137 163   0 100 159 127  87 122 137 158 145
  64 122  79  93  68  96 109 133 141   0 129 112  62  94 111 136 117
  78 130 114 108  78 112 112 147 157 104   0 125  71  94 137 168 138
  82 153 112 103  82 120 126 134 147 112 138   0  62  94 103 149 122
  43 107  69  73  47  82  86 113 120  72 108 106   0  73  94 125  98
  69 123  80  88  59 107  97 126 139  81 128 123  71   0 102 141 116
  81 123 101  97  63  99 115 130 152 106 137 125  63  85   0 154 132
  97 139 116  89 100 137 140 158 152 127 147 147 100 133 115   0 119
  78 151  86  96  75 127 119 130 135 110 145 134  78 112 113 139   0
4
   0 102 138 173  78 129 183 142 111 171  92 140  84 144 167 104  80
 145   0 115 126  64 114 136 103  79 134  49 102  66 126 141  75  61
 152 117   0 160  71 128 160 115 103 145  68 110  99 142 143  71  65
 180 102 150   0  95 135 172 112  98 150  69 138  77 130 158  74  69
 133  81 109 122   0 108 123  92  71 121  44  94  64 119 120  60  53
 149 119 144 141  80   0 162 120  84 126  77 110  80 147 134  98  65
 155 129 161 145 102 152   0 125 112 164  82 109 108 142 143 112  82
 162  89 143 146  82 123 138   0  81 130  68 116  83 130 138  65  60
 146  85 127 120  57 120 136  97   0 118  48  93  62 121 134  74  48
 176 106 134 134  72 123 146 129 111   0  70 105  81 150 151  94  73
 128  79 109 117  52 103 125  86  70 110   0  92  53 105 115  56  46
 151 103 124 126  74 128 144 104  77 140  65   0  80 137 149  67  60
 134  83 122 129  66 113 122 104  72 116  48  92   0 119 126  57  45
 160 119 134 150 101 152 159 126  99 131  79 105  94   0 132 104  82
 162 125 136 155  84 131 164 108  84 149  82 107  83 136   0  97  82
 128  77 118 129  51 107 125  93  67 114  48  92  59 117 119   0  55
 122  76 112 121  47 101 118  94  64 114  42  88  54 112 116  50   0
BONUS_SATISFACTION_SECTION 
  12  64  38  35  16  18  39  47  15  80  82  16  52  99  33  58   2
EOF