NAME : Sudao15n
TYPE : CaRS
COMMENT : Instances for the CaRS Problem (Asconavieta & Goldbarg)
DIMENSION : 15
CARS_NUMBER : 4
EDGE_WEIGHT_TYPE : EXPLICIT
EDGE_WEIGHT_FORMAT : FULL_MATRIX
EDGE_WEIGHT_SECTION
0
   0 376 156 171 137 425 453 184 435 435 168 173 152 155 387
 376   0 127 133 118 398 424 151 389 429 147 141 156 144 377
 156 127   0  61  48 334 351  61 325 336  64  54  61  62 307
 171 133  61   0  46 334 355  68 329 337  70  54  65  66 307
 137 118  48  46   0 329 347  61 321 330  63  51  58  60 302
 425 398 334 334 329   0 452 185 425 445 157 154 193 196 437
 453 424 351 355 347 452   0 160 454 430 185 183 201 182 435
 184 151  61  68  61 185 160   0 328 337  68  58  62  70 310
 435 389 325 329 321 425 454 328   0 462 164 181 189 161 423
 435 429 336 337 330 445 430 337 462   0 167 154 151 196 416
 168 147  64  70  63 157 185  68 164 167   0  61  65  71 309
 173 141  54  54  51 154 183  58 181 154  61   0  61  63 302
 152 156  61  65  58 193 201  62 189 151  65  61   0  66 307
 155 144  62  66  60 196 182  70 161 196  71  63  66   0 307
 387 377 307 307 302 437 435 310 423 416 309 302 307 307   0
1
   0 252 323 306 265 306 285  63 256 361  59  55 315  48 337
 252   0 394 367 332 381 361 148 345 419 130 118 376 116 414
 323 394   0 413 391 432 371 171 381 465 158 174 442 134 434
 306 367 413   0 363 384 384 154 362 467 151 175 423 128 446
 265 332 391 363   0 387 351 138 336 449 152 147 413 146 411
 306 381 432 384 387   0 393 163 333 447 179 146 432 146 417
 285 361 371 384 351 393   0 146 344 458 143 130 405 129 410
  63 148 171 154 138 163 146   0 254 358  65  59 316  47 341
 256 345 381 362 336 333 344 254   0 436 155 127 393 110 431
 361 419 465 467 449 447 458 358 436   0 170 200 435 145 480
  59 130 158 151 152 179 143  65 155 170   0  59 315  49 339
  55 118 174 175 147 146 130  59 127 200  59   0 313  49 339
 315 376 442 423 413 432 405 316 393 435 315 313   0 150 460
  48 116 134 128 146 146 129  47 110 145  49  49 150   0 334
 337 414 434 446 411 417 410 341 431 480 339 339 460 334   0
2
   0 309 332  48 260  49  55  51 323  58 317  55  50  69  37
 309   0 420 137 376 146 149 158 451 174 433 154 166 196 134
 332 420   0 144 386 176 168 178 440 173 411 152 176 174 153
  48 137 144   0 262  52  55  54 328  58 319  58  53  74  42
 260 376 386 262   0 152 139 129 427 144 387 144 144 172 132
  49 146 176  52 152   0  53  51 328  62 319  57  54  74  41
  55 149 168  55 139  53   0  53 329  59 320  58  53  75  43
  51 158 178  54 129  51  53   0 325  59 321  61  55  73  42
 323 451 440 328 427 328 329 325   0 169 450 180 172 161 160
  58 174 173  58 144  62  59  59 169   0 323  65  56  73  44
 317 433 411 319 387 319 320 321 450 323   0 187 149 178 167
  55 154 152  58 144  57  58  61 180  65 187   0  56  72  40
  50 166 176  53 144  54  53  55 172  56 149  56   0  74  38
  69 196 174  74 172  74  75  73 161  73 178  72  74   0  50
  37 134 153  42 132  41  43  42 160  44 167  40  38  50   0
3
   0 166 170 185 143 425 424 423 157 175 487 354 460 361 163
 166   0  48  62  53 332 291 311  44  41 353 243 348 239  52
 170  48   0  70  58 340 295 315  54  47 358 245 353 245  60
 185  62  70   0  63 347 300 326  59  54 370 255 358 247  63
 143  53  58  63   0 338 301 316  50  52 360 247 353 244  60
 425 332 340 347 338   0 433 431 187 151 453 372 447 380 150
 424 291 295 300 301 433   0 404 148 155 476 335 461 351 173
 423 311 315 326 316 431 404   0 136 133 455 343 479 350 182
 157  44  54  59  50 187 148 136   0  46 360 248 352 245  56
 175  41  47  54  52 151 155 133  46   0 359 243 354 240  55
 487 353 358 370 360 453 476 455 360 359   0 359 477 356 180
 354 243 245 255 247 372 335 343 248 243 359   0 424 330 119
 460 348 353 358 353 447 461 479 352 354 477 424   0 353 155
 361 239 245 247 244 380 351 350 245 240 356 330 353   0 118
 163  52  60  63  60 150 173 182  56  55 180 119 155 118   0
RETURN_RATE_SECTION
0
   0 106  68 108  73  77  90  73  79 104 105  59  84  50  82
  65   0 112 130 101 120 141 111  92 155 147  99 109  70 112
  53 112   0 119  90  83 102  82  88 123 114  62 109  61 108
  66 128 118   0 109 106 143  93  96 125 139 101 113  90 129
  61 128  77 127   0  98 116  75  86 128 126  69  94  61 111
  61 131  76 134  81   0 106  76  98 117 116  61  95  60  94
  68 119  99 149  90  95   0  84  98 122 128  93 101  89  98
  50 122  83 118  84  94  98   0  94 113 119  64 100  73  92
  57 117  90 124  79 100 110  78   0 131 130  63  97  70  94
  71 130 112 154 101 108 135 105 104   0 153  90 115  98 115
  74 147  84 132 104 101 113 110 101 147   0  77 120  78 114
  52 113  74 118  73  84  93  82  79 107 111   0  88  60  92
  66 127  91 121  90  93 119  83 108 140 119  78   0  66 119
  51 112  78 109  70  75  92  75  75 105 104  58  93   0  87
  76 117  87 129 106 104 125  89 102 117 127  86 120  60   0
1
   0 112  96 123  89  55 124  71 142 129  98  91 131 103 126
  98   0  96 143 111  85 123  87 154 149 121 121 129 136 136
  78 102   0 134  91  69 142  65 137 145 108  94 143 120 145
 104 134  99   0 127  89 135 103 155 147 128 128 132 128 164
  75 108  89 133   0  68 136  72 151 132 111 112 132 111 126
  72  94  85 113  77   0 120  54 129 113  97  91 118 102 117
 102 126 116 159 113  75   0 102 153 149 117 104 158 123 144
  76 105  86 117  91  56 111   0 135 123 100  99 127 111 118
 111 128 128 137 118  75 147  90   0 147 132 122 168 152 148
 110 111 114 148 108  82 134  90 154   0 142 122 147 120 138
 104 103 102 119 114  83 137  70 133 125   0  99 135 118 142
  82 104  91 132 105  74 133  66 146 129 108   0 134 122 153
  94 128 107 131 121  99 161  87 144 164 108 105   0 117 141
  82 134 109 147  92  83 125  88 164 148 122 111 139   0 155
  89 123 106 164 130 102 142  93 153 156 141 124 153 122   0
2
   0  84  53 107  96  43 114  92  76  58  74 103 117  64  93
  66   0  72 130 117  52 126  92 105  70  74 111 126  87 109
  51  84   0  97  97  51 122  88  76  58  71  97 117  74  85
  66 110  65   0 108  75 127 118 120  83  86 106 130 105 110
  87  94  84 135   0  72 125 112  89  80  97 125 130  77 126
  54  84  54 105  98   0 115  83  83  58  61  90 116  68  92
  90 117  67 151 138  96   0 113 115  93  92 137 138  90 132
  66 110  65 130 102  61 139   0 103  81  72 114 128  84  98
  71 105  57 112 108  63 136  88   0  83  72 117 120  88 100
  66  95  54 108  96  50 123  96  80   0  74  95 114  77  89
  57  98  65 102 105  51 122  95  86  68   0 109 118  72  91
  86 106  65 121 128  82 140  98 115  82  83   0 138  97  99
 100 120  74 151 129  89 141 100 105  86  89 137   0 100 132
  64  94  68 105  99  52 122  84  97  69  66 103 127   0 104
  74 116  59 114 123  56 148 116  94  75  78 122 145  82   0
3
   0  91 108  96  95 121 107 103  75 102 151 117 143 148 106
 102   0  97  77  70 105  88  81  73  90 139 111 120 136 111
 132 100   0  89  78 114  95 101  84  96 142 106 144 124 104
 105  86  94   0  73  93  79  77  66  81 130 102 120 132 106
 106  78  88  72   0  85  88  72  55  87 116  98 124 116  98
 128  89 106  75  71   0  94  82  70  98 135 100 145 125 100
 105  78 112  89  78  99   0  79  79  98 123 110 139 126  99
 107  91 111  80  71  97  90   0  65  98 120 110 127 124  99
 102  77 101  74  64  97  88  82   0  91 116  96 128 125  93
 121  96 100  71  79  93  86  97  80   0 132 108 140 135 117
 116 106 119  83  74 119 117 118  86 132   0 124 142 136 124
 130  96 100  87  86 115 103  97  87 105 142   0 145 147 119
 136  89 139  97  81 109 110  94 110 118 139 124   0 136 117
 125 114 137 105 106 114 112  87  81 107 151 126 151   0 129
 110  96 103  80  88 110 106  79  90 102 142 109 150 150   0
BONUS_SATISFACTION_SECTION 
  17  73  77  51   8  33  19  93  84  84  81   8  98  89  57
EOF